 2.183594e+02  6.009615e+01  3.756010e+01  1.331205e+02  1.201923e+01  7.512019e+00 -9.006911e+01 -6.009615e+01  7.512019e+00 -7.361028e+01 -1.201923e+01  3.756010e+01  7.287410e+01  6.009615e+01 -7.512019e+00  5.641526e+01  1.201923e+01 -3.756010e+01 -1.667743e+02 -6.009615e+01 -3.756010e+01 -1.503155e+02 -1.201923e+01 -7.512019e+00 
 6.009615e+01  5.068209e+02  1.878005e+02 -1.201923e+01  4.456205e+02  1.878005e+02 -6.009615e+01 -3.785306e+02  3.756010e+01  1.201923e+01 -3.861103e+02  3.756010e+01  6.009615e+01  3.613356e+02 -3.756010e+01 -1.201923e+01  3.689153e+02 -3.756010e+01 -6.009615e+01 -4.552359e+02 -1.878005e+02  1.201923e+01 -4.628155e+02 -1.878005e+02 
 3.756010e+01  1.878005e+02  3.237154e+02 -7.512019e+00  1.878005e+02  2.625150e+02 -7.512019e+00 -3.756010e+01  3.932542e+01  3.756010e+01 -3.756010e+01  3.174579e+01  7.512019e+00  3.756010e+01 -5.652043e+01 -3.756010e+01  3.756010e+01 -4.894081e+01 -3.756010e+01 -1.878005e+02 -2.721304e+02  7.512019e+00 -1.878005e+02 -2.797100e+02 
 1.331205e+02 -1.201923e+01 -7.512019e+00  2.183594e+02 -6.009615e+01 -3.756010e+01 -7.361028e+01  1.201923e+01 -3.756010e+01 -9.006911e+01  6.009615e+01 -7.512019e+00  5.641526e+01 -1.201923e+01  3.756010e+01  7.287410e+01 -6.009615e+01  7.512019e+00 -1.503155e+02  1.201923e+01  7.512019e+00 -1.667743e+02  6.009615e+01  3.756010e+01 
 1.201923e+01  4.456205e+02  1.878005e+02 -6.009615e+01  5.068209e+02  1.878005e+02 -1.201923e+01 -3.861103e+02  3.756010e+01  6.009615e+01 -3.785306e+02  3.756010e+01  1.201923e+01  3.689153e+02 -3.756010e+01 -6.009615e+01  3.613356e+02 -3.756010e+01 -1.201923e+01 -4.628155e+02 -1.878005e+02  6.009615e+01 -4.552359e+02 -1.878005e+02 
 7.512019e+00  1.878005e+02  2.625150e+02 -3.756010e+01  1.878005e+02  3.237154e+02 -3.756010e+01 -3.756010e+01  3.174579e+01  7.512019e+00 -3.756010e+01  3.932542e+01  3.756010e+01  3.756010e+01 -4.894081e+01 -7.512019e+00  3.756010e+01 -5.652043e+01 -7.512019e+00 -1.878005e+02 -2.797100e+02  3.756010e+01 -1.878005e+02 -2.721304e+02 
-9.006911e+01 -6.009615e+01 -7.512019e+00 -7.361028e+01 -1.201923e+01 -3.756010e+01  2.183594e+02  6.009615e+01 -3.756010e+01  1.331205e+02  1.201923e+01 -7.512019e+00 -1.667743e+02 -6.009615e+01  3.756010e+01 -1.503155e+02 -1.201923e+01  7.512019e+00  7.287410e+01  6.009615e+01  7.512019e+00  5.641526e+01  1.201923e+01  3.756010e+01 
-6.009615e+01 -3.785306e+02 -3.756010e+01  1.201923e+01 -3.861103e+02 -3.756010e+01  6.009615e+01  5.068209e+02 -1.878005e+02 -1.201923e+01  4.456205e+02 -1.878005e+02 -6.009615e+01 -4.552359e+02  1.878005e+02  1.201923e+01 -4.628155e+02  1.878005e+02  6.009615e+01  3.613356e+02  3.756010e+01 -1.201923e+01  3.689153e+02  3.756010e+01 
 7.512019e+00  3.756010e+01  3.932542e+01 -3.756010e+01  3.756010e+01  3.174579e+01 -3.756010e+01 -1.878005e+02  3.237154e+02  7.512019e+00 -1.878005e+02  2.625150e+02  3.756010e+01  1.878005e+02 -2.721304e+02 -7.512019e+00  1.878005e+02 -2.797100e+02 -7.512019e+00 -3.756010e+01 -5.652043e+01  3.756010e+01 -3.756010e+01 -4.894081e+01 
-7.361028e+01  1.201923e+01  3.756010e+01 -9.006911e+01  6.009615e+01  7.512019e+00  1.331205e+02 -1.201923e+01  7.512019e+00  2.183594e+02 -6.009615e+01  3.756010e+01 -1.503155e+02  1.201923e+01 -7.512019e+00 -1.667743e+02  6.009615e+01 -3.756010e+01  5.641526e+01 -1.201923e+01 -3.756010e+01  7.287410e+01 -6.009615e+01 -7.512019e+00 
-1.201923e+01 -3.861103e+02 -3.756010e+01  6.009615e+01 -3.785306e+02 -3.756010e+01  1.201923e+01  4.456205e+02 -1.878005e+02 -6.009615e+01  5.068209e+02 -1.878005e+02 -1.201923e+01 -4.628155e+02  1.878005e+02  6.009615e+01 -4.552359e+02  1.878005e+02  1.201923e+01  3.689153e+02  3.756010e+01 -6.009615e+01  3.613356e+02  3.756010e+01 
 3.756010e+01  3.756010e+01  3.174579e+01 -7.512019e+00  3.756010e+01  3.932542e+01 -7.512019e+00 -1.878005e+02  2.625150e+02  3.756010e+01 -1.878005e+02  3.237154e+02  7.512019e+00  1.878005e+02 -2.797100e+02 -3.756010e+01  1.878005e+02 -2.721304e+02 -3.756010e+01 -3.756010e+01 -4.894081e+01  7.512019e+00 -3.756010e+01 -5.652043e+01 
 7.287410e+01  6.009615e+01  7.512019e+00  5.641526e+01  1.201923e+01  3.756010e+01 -1.667743e+02 -6.009615e+01  3.756010e+01 -1.503155e+02 -1.201923e+01  7.512019e+00  2.183594e+02  6.009615e+01 -3.756010e+01  1.331205e+02  1.201923e+01 -7.512019e+00 -9.006911e+01 -6.009615e+01 -7.512019e+00 -7.361028e+01 -1.201923e+01 -3.756010e+01 
 6.009615e+01  3.613356e+02  3.756010e+01 -1.201923e+01  3.689153e+02  3.756010e+01 -6.009615e+01 -4.552359e+02  1.878005e+02  1.201923e+01 -4.628155e+02  1.878005e+02  6.009615e+01  5.068209e+02 -1.878005e+02 -1.201923e+01  4.456205e+02 -1.878005e+02 -6.009615e+01 -3.785306e+02 -3.756010e+01  1.201923e+01 -3.861103e+02 -3.756010e+01 
-7.512019e+00 -3.756010e+01 -5.652043e+01  3.756010e+01 -3.756010e+01 -4.894081e+01  3.756010e+01  1.878005e+02 -2.721304e+02 -7.512019e+00  1.878005e+02 -2.797100e+02 -3.756010e+01 -1.878005e+02  3.237154e+02  7.512019e+00 -1.878005e+02  2.625150e+02  7.512019e+00  3.756010e+01  3.932542e+01 -3.756010e+01  3.756010e+01  3.174579e+01 
 5.641526e+01 -1.201923e+01 -3.756010e+01  7.287410e+01 -6.009615e+01 -7.512019e+00 -1.503155e+02  1.201923e+01 -7.512019e+00 -1.667743e+02  6.009615e+01 -3.756010e+01  1.331205e+02 -1.201923e+01  7.512019e+00  2.183594e+02 -6.009615e+01  3.756010e+01 -7.361028e+01  1.201923e+01  3.756010e+01 -9.006911e+01  6.009615e+01  7.512019e+00 
 1.201923e+01  3.689153e+02  3.756010e+01 -6.009615e+01  3.613356e+02  3.756010e+01 -1.201923e+01 -4.628155e+02  1.878005e+02  6.009615e+01 -4.552359e+02  1.878005e+02  1.201923e+01  4.456205e+02 -1.878005e+02 -6.009615e+01  5.068209e+02 -1.878005e+02 -1.201923e+01 -3.861103e+02 -3.756010e+01  6.009615e+01 -3.785306e+02 -3.756010e+01 
-3.756010e+01 -3.756010e+01 -4.894081e+01  7.512019e+00 -3.756010e+01 -5.652043e+01  7.512019e+00  1.878005e+02 -2.797100e+02 -3.756010e+01  1.878005e+02 -2.721304e+02 -7.512019e+00 -1.878005e+02  2.625150e+02  3.756010e+01 -1.878005e+02  3.237154e+02  3.756010e+01  3.756010e+01  3.174579e+01 -7.512019e+00  3.756010e+01  3.932542e+01 
-1.667743e+02 -6.009615e+01 -3.756010e+01 -1.503155e+02 -1.201923e+01 -7.512019e+00  7.287410e+01  6.009615e+01 -7.512019e+00  5.641526e+01  1.201923e+01 -3.756010e+01 -9.006911e+01 -6.009615e+01  7.512019e+00 -7.361028e+01 -1.201923e+01  3.756010e+01  2.183594e+02  6.009615e+01  3.756010e+01  1.331205e+02  1.201923e+01  7.512019e+00 
-6.009615e+01 -4.552359e+02 -1.878005e+02  1.201923e+01 -4.628155e+02 -1.878005e+02  6.009615e+01  3.613356e+02 -3.756010e+01 -1.201923e+01  3.689153e+02 -3.756010e+01 -6.009615e+01 -3.785306e+02  3.756010e+01  1.201923e+01 -3.861103e+02  3.756010e+01  6.009615e+01  5.068209e+02  1.878005e+02 -1.201923e+01  4.456205e+02  1.878005e+02 
-3.756010e+01 -1.878005e+02 -2.721304e+02  7.512019e+00 -1.878005e+02 -2.797100e+02  7.512019e+00  3.756010e+01 -5.652043e+01 -3.756010e+01  3.756010e+01 -4.894081e+01 -7.512019e+00 -3.756010e+01  3.932542e+01  3.756010e+01 -3.756010e+01  3.174579e+01  3.756010e+01  1.878005e+02  3.237154e+02 -7.512019e+00  1.878005e+02  2.625150e+02 
-1.503155e+02  1.201923e+01  7.512019e+00 -1.667743e+02  6.009615e+01  3.756010e+01  5.641526e+01 -1.201923e+01  3.756010e+01  7.287410e+01 -6.009615e+01  7.512019e+00 -7.361028e+01  1.201923e+01 -3.756010e+01 -9.006911e+01  6.009615e+01 -7.512019e+00  1.331205e+02 -1.201923e+01 -7.512019e+00  2.183594e+02 -6.009615e+01 -3.756010e+01 
-1.201923e+01 -4.628155e+02 -1.878005e+02  6.009615e+01 -4.552359e+02 -1.878005e+02  1.201923e+01  3.689153e+02 -3.756010e+01 -6.009615e+01  3.613356e+02 -3.756010e+01 -1.201923e+01 -3.861103e+02  3.756010e+01  6.009615e+01 -3.785306e+02  3.756010e+01  1.201923e+01  4.456205e+02  1.878005e+02 -6.009615e+01  5.068209e+02  1.878005e+02 
-7.512019e+00 -1.878005e+02 -2.797100e+02  3.756010e+01 -1.878005e+02 -2.721304e+02  3.756010e+01  3.756010e+01 -4.894081e+01 -7.512019e+00  3.756010e+01 -5.652043e+01 -3.756010e+01 -3.756010e+01  3.174579e+01  7.512019e+00 -3.756010e+01  3.932542e+01  7.512019e+00  1.878005e+02  2.625150e+02 -3.756010e+01  1.878005e+02  3.237154e+02 

 2.183594e+02  6.009615e+01  3.756010e+01  1.331205e+02  1.201923e+01  7.512019e+00 -9.006911e+01 -6.009615e+01  7.512019e+00 -7.361028e+01 -1.201923e+01  3.756010e+01  7.287410e+01  6.009615e+01 -7.512019e+00  5.641526e+01  1.201923e+01 -3.756010e+01 -1.667743e+02 -6.009615e+01 -3.756010e+01 -1.503155e+02 -1.201923e+01 -7.512019e+00 
 6.009615e+01  5.068209e+02  1.878005e+02 -1.201923e+01  4.456205e+02  1.878005e+02 -6.009615e+01 -3.785306e+02  3.756010e+01  1.201923e+01 -3.861103e+02  3.756010e+01  6.009615e+01  3.613356e+02 -3.756010e+01 -1.201923e+01  3.689153e+02 -3.756010e+01 -6.009615e+01 -4.552359e+02 -1.878005e+02  1.201923e+01 -4.628155e+02 -1.878005e+02 
 3.756010e+01  1.878005e+02  3.237154e+02 -7.512019e+00  1.878005e+02  2.625150e+02 -7.512019e+00 -3.756010e+01  3.932542e+01  3.756010e+01 -3.756010e+01  3.174579e+01  7.512019e+00  3.756010e+01 -5.652043e+01 -3.756010e+01  3.756010e+01 -4.894081e+01 -3.756010e+01 -1.878005e+02 -2.721304e+02  7.512019e+00 -1.878005e+02 -2.797100e+02 
 1.331205e+02 -1.201923e+01 -7.512019e+00  2.183594e+02 -6.009615e+01 -3.756010e+01 -7.361028e+01  1.201923e+01 -3.756010e+01 -9.006911e+01  6.009615e+01 -7.512019e+00  5.641526e+01 -1.201923e+01  3.756010e+01  7.287410e+01 -6.009615e+01  7.512019e+00 -1.503155e+02  1.201923e+01  7.512019e+00 -1.667743e+02  6.009615e+01  3.756010e+01 
 1.201923e+01  4.456205e+02  1.878005e+02 -6.009615e+01  5.068209e+02  1.878005e+02 -1.201923e+01 -3.861103e+02  3.756010e+01  6.009615e+01 -3.785306e+02  3.756010e+01  1.201923e+01  3.689153e+02 -3.756010e+01 -6.009615e+01  3.613356e+02 -3.756010e+01 -1.201923e+01 -4.628155e+02 -1.878005e+02  6.009615e+01 -4.552359e+02 -1.878005e+02 
 7.512019e+00  1.878005e+02  2.625150e+02 -3.756010e+01  1.878005e+02  3.237154e+02 -3.756010e+01 -3.756010e+01  3.174579e+01  7.512019e+00 -3.756010e+01  3.932542e+01  3.756010e+01  3.756010e+01 -4.894081e+01 -7.512019e+00  3.756010e+01 -5.652043e+01 -7.512019e+00 -1.878005e+02 -2.797100e+02  3.756010e+01 -1.878005e+02 -2.721304e+02 
-9.006911e+01 -6.009615e+01 -7.512019e+00 -7.361028e+01 -1.201923e+01 -3.756010e+01  2.183594e+02  6.009615e+01 -3.756010e+01  1.331205e+02  1.201923e+01 -7.512019e+00 -1.667743e+02 -6.009615e+01  3.756010e+01 -1.503155e+02 -1.201923e+01  7.512019e+00  7.287410e+01  6.009615e+01  7.512019e+00  5.641526e+01  1.201923e+01  3.756010e+01 
-6.009615e+01 -3.785306e+02 -3.756010e+01  1.201923e+01 -3.861103e+02 -3.756010e+01  6.009615e+01  5.068209e+02 -1.878005e+02 -1.201923e+01  4.456205e+02 -1.878005e+02 -6.009615e+01 -4.552359e+02  1.878005e+02  1.201923e+01 -4.628155e+02  1.878005e+02  6.009615e+01  3.613356e+02  3.756010e+01 -1.201923e+01  3.689153e+02  3.756010e+01 
 7.512019e+00  3.756010e+01  3.932542e+01 -3.756010e+01  3.756010e+01  3.174579e+01 -3.756010e+01 -1.878005e+02  3.237154e+02  7.512019e+00 -1.878005e+02  2.625150e+02  3.756010e+01  1.878005e+02 -2.721304e+02 -7.512019e+00  1.878005e+02 -2.797100e+02 -7.512019e+00 -3.756010e+01 -5.652043e+01  3.756010e+01 -3.756010e+01 -4.894081e+01 
-7.361028e+01  1.201923e+01  3.756010e+01 -9.006911e+01  6.009615e+01  7.512019e+00  1.331205e+02 -1.201923e+01  7.512019e+00  2.183594e+02 -6.009615e+01  3.756010e+01 -1.503155e+02  1.201923e+01 -7.512019e+00 -1.667743e+02  6.009615e+01 -3.756010e+01  5.641526e+01 -1.201923e+01 -3.756010e+01  7.287410e+01 -6.009615e+01 -7.512019e+00 
-1.201923e+01 -3.861103e+02 -3.756010e+01  6.009615e+01 -3.785306e+02 -3.756010e+01  1.201923e+01  4.456205e+02 -1.878005e+02 -6.009615e+01  5.068209e+02 -1.878005e+02 -1.201923e+01 -4.628155e+02  1.878005e+02  6.009615e+01 -4.552359e+02  1.878005e+02  1.201923e+01  3.689153e+02  3.756010e+01 -6.009615e+01  3.613356e+02  3.756010e+01 
 3.756010e+01  3.756010e+01  3.174579e+01 -7.512019e+00  3.756010e+01  3.932542e+01 -7.512019e+00 -1.878005e+02  2.625150e+02  3.756010e+01 -1.878005e+02  3.237154e+02  7.512019e+00  1.878005e+02 -2.797100e+02 -3.756010e+01  1.878005e+02 -2.721304e+02 -3.756010e+01 -3.756010e+01 -4.894081e+01  7.512019e+00 -3.756010e+01 -5.652043e+01 
 7.287410e+01  6.009615e+01  7.512019e+00  5.641526e+01  1.201923e+01  3.756010e+01 -1.667743e+02 -6.009615e+01  3.756010e+01 -1.503155e+02 -1.201923e+01  7.512019e+00  2.183594e+02  6.009615e+01 -3.756010e+01  1.331205e+02  1.201923e+01 -7.512019e+00 -9.006911e+01 -6.009615e+01 -7.512019e+00 -7.361028e+01 -1.201923e+01 -3.756010e+01 
 6.009615e+01  3.613356e+02  3.756010e+01 -1.201923e+01  3.689153e+02  3.756010e+01 -6.009615e+01 -4.552359e+02  1.878005e+02  1.201923e+01 -4.628155e+02  1.878005e+02  6.009615e+01  5.068209e+02 -1.878005e+02 -1.201923e+01  4.456205e+02 -1.878005e+02 -6.009615e+01 -3.785306e+02 -3.756010e+01  1.201923e+01 -3.861103e+02 -3.756010e+01 
-7.512019e+00 -3.756010e+01 -5.652043e+01  3.756010e+01 -3.756010e+01 -4.894081e+01  3.756010e+01  1.878005e+02 -2.721304e+02 -7.512019e+00  1.878005e+02 -2.797100e+02 -3.756010e+01 -1.878005e+02  3.237154e+02  7.512019e+00 -1.878005e+02  2.625150e+02  7.512019e+00  3.756010e+01  3.932542e+01 -3.756010e+01  3.756010e+01  3.174579e+01 
 5.641526e+01 -1.201923e+01 -3.756010e+01  7.287410e+01 -6.009615e+01 -7.512019e+00 -1.503155e+02  1.201923e+01 -7.512019e+00 -1.667743e+02  6.009615e+01 -3.756010e+01  1.331205e+02 -1.201923e+01  7.512019e+00  2.183594e+02 -6.009615e+01  3.756010e+01 -7.361028e+01  1.201923e+01  3.756010e+01 -9.006911e+01  6.009615e+01  7.512019e+00 
 1.201923e+01  3.689153e+02  3.756010e+01 -6.009615e+01  3.613356e+02  3.756010e+01 -1.201923e+01 -4.628155e+02  1.878005e+02  6.009615e+01 -4.552359e+02  1.878005e+02  1.201923e+01  4.456205e+02 -1.878005e+02 -6.009615e+01  5.068209e+02 -1.878005e+02 -1.201923e+01 -3.861103e+02 -3.756010e+01  6.009615e+01 -3.785306e+02 -3.756010e+01 
-3.756010e+01 -3.756010e+01 -4.894081e+01  7.512019e+00 -3.756010e+01 -5.652043e+01  7.512019e+00  1.878005e+02 -2.797100e+02 -3.756010e+01  1.878005e+02 -2.721304e+02 -7.512019e+00 -1.878005e+02  2.625150e+02  3.756010e+01 -1.878005e+02  3.237154e+02  3.756010e+01  3.756010e+01  3.174579e+01 -7.512019e+00  3.756010e+01  3.932542e+01 
-1.667743e+02 -6.009615e+01 -3.756010e+01 -1.503155e+02 -1.201923e+01 -7.512019e+00  7.287410e+01  6.009615e+01 -7.512019e+00  5.641526e+01  1.201923e+01 -3.756010e+01 -9.006911e+01 -6.009615e+01  7.512019e+00 -7.361028e+01 -1.201923e+01  3.756010e+01  2.183594e+02  6.009615e+01  3.756010e+01  1.331205e+02  1.201923e+01  7.512019e+00 
-6.009615e+01 -4.552359e+02 -1.878005e+02  1.201923e+01 -4.628155e+02 -1.878005e+02  6.009615e+01  3.613356e+02 -3.756010e+01 -1.201923e+01  3.689153e+02 -3.756010e+01 -6.009615e+01 -3.785306e+02  3.756010e+01  1.201923e+01 -3.861103e+02  3.756010e+01  6.009615e+01  5.068209e+02  1.878005e+02 -1.201923e+01  4.456205e+02  1.878005e+02 
-3.756010e+01 -1.878005e+02 -2.721304e+02  7.512019e+00 -1.878005e+02 -2.797100e+02  7.512019e+00  3.756010e+01 -5.652043e+01 -3.756010e+01  3.756010e+01 -4.894081e+01 -7.512019e+00 -3.756010e+01  3.932542e+01  3.756010e+01 -3.756010e+01  3.174579e+01  3.756010e+01  1.878005e+02  3.237154e+02 -7.512019e+00  1.878005e+02  2.625150e+02 
-1.503155e+02  1.201923e+01  7.512019e+00 -1.667743e+02  6.009615e+01  3.756010e+01  5.641526e+01 -1.201923e+01  3.756010e+01  7.287410e+01 -6.009615e+01  7.512019e+00 -7.361028e+01  1.201923e+01 -3.756010e+01 -9.006911e+01  6.009615e+01 -7.512019e+00  1.331205e+02 -1.201923e+01 -7.512019e+00  2.183594e+02 -6.009615e+01 -3.756010e+01 
-1.201923e+01 -4.628155e+02 -1.878005e+02  6.009615e+01 -4.552359e+02 -1.878005e+02  1.201923e+01  3.689153e+02 -3.756010e+01 -6.009615e+01  3.613356e+02 -3.756010e+01 -1.201923e+01 -3.861103e+02  3.756010e+01  6.009615e+01 -3.785306e+02  3.756010e+01  1.201923e+01  4.456205e+02  1.878005e+02 -6.009615e+01  5.068209e+02  1.878005e+02 
-7.512019e+00 -1.878005e+02 -2.797100e+02  3.756010e+01 -1.878005e+02 -2.721304e+02  3.756010e+01  3.756010e+01 -4.894081e+01 -7.512019e+00  3.756010e+01 -5.652043e+01 -3.756010e+01 -3.756010e+01  3.174579e+01  7.512019e+00 -3.756010e+01  3.932542e+01  7.512019e+00  1.878005e+02  2.625150e+02 -3.756010e+01  1.878005e+02  3.237154e+02 

 2.183594e+02  6.009615e+01  3.756010e+01  1.331205e+02  1.201923e+01  7.512019e+00 -9.006911e+01 -6.009615e+01  7.512019e+00 -7.361028e+01 -1.201923e+01  3.756010e+01  7.287410e+01  6.009615e+01 -7.512019e+00  5.641526e+01  1.201923e+01 -3.756010e+01 -1.667743e+02 -6.009615e+01 -3.756010e+01 -1.503155e+02 -1.201923e+01 -7.512019e+00 
 6.009615e+01  5.068209e+02  1.878005e+02 -1.201923e+01  4.456205e+02  1.878005e+02 -6.009615e+01 -3.785306e+02  3.756010e+01  1.201923e+01 -3.861103e+02  3.756010e+01  6.009615e+01  3.613356e+02 -3.756010e+01 -1.201923e+01  3.689153e+02 -3.756010e+01 -6.009615e+01 -4.552359e+02 -1.878005e+02  1.201923e+01 -4.628155e+02 -1.878005e+02 
 3.756010e+01  1.878005e+02  3.237154e+02 -7.512019e+00  1.878005e+02  2.625150e+02 -7.512019e+00 -3.756010e+01  3.932542e+01  3.756010e+01 -3.756010e+01  3.174579e+01  7.512019e+00  3.756010e+01 -5.652043e+01 -3.756010e+01  3.756010e+01 -4.894081e+01 -3.756010e+01 -1.878005e+02 -2.721304e+02  7.512019e+00 -1.878005e+02 -2.797100e+02 
 1.331205e+02 -1.201923e+01 -7.512019e+00  2.183594e+02 -6.009615e+01 -3.756010e+01 -7.361028e+01  1.201923e+01 -3.756010e+01 -9.006911e+01  6.009615e+01 -7.512019e+00  5.641526e+01 -1.201923e+01  3.756010e+01  7.287410e+01 -6.009615e+01  7.512019e+00 -1.503155e+02  1.201923e+01  7.512019e+00 -1.667743e+02  6.009615e+01  3.756010e+01 
 1.201923e+01  4.456205e+02  1.878005e+02 -6.009615e+01  5.068209e+02  1.878005e+02 -1.201923e+01 -3.861103e+02  3.756010e+01  6.009615e+01 -3.785306e+02  3.756010e+01  1.201923e+01  3.689153e+02 -3.756010e+01 -6.009615e+01  3.613356e+02 -3.756010e+01 -1.201923e+01 -4.628155e+02 -1.878005e+02  6.009615e+01 -4.552359e+02 -1.878005e+02 
 7.512019e+00  1.878005e+02  2.625150e+02 -3.756010e+01  1.878005e+02  3.237154e+02 -3.756010e+01 -3.756010e+01  3.174579e+01  7.512019e+00 -3.756010e+01  3.932542e+01  3.756010e+01  3.756010e+01 -4.894081e+01 -7.512019e+00  3.756010e+01 -5.652043e+01 -7.512019e+00 -1.878005e+02 -2.797100e+02  3.756010e+01 -1.878005e+02 -2.721304e+02 
-9.006911e+01 -6.009615e+01 -7.512019e+00 -7.361028e+01 -1.201923e+01 -3.756010e+01  2.183594e+02  6.009615e+01 -3.756010e+01  1.331205e+02  1.201923e+01 -7.512019e+00 -1.667743e+02 -6.009615e+01  3.756010e+01 -1.503155e+02 -1.201923e+01  7.512019e+00  7.287410e+01  6.009615e+01  7.512019e+00  5.641526e+01  1.201923e+01  3.756010e+01 
-6.009615e+01 -3.785306e+02 -3.756010e+01  1.201923e+01 -3.861103e+02 -3.756010e+01  6.009615e+01  5.068209e+02 -1.878005e+02 -1.201923e+01  4.456205e+02 -1.878005e+02 -6.009615e+01 -4.552359e+02  1.878005e+02  1.201923e+01 -4.628155e+02  1.878005e+02  6.009615e+01  3.613356e+02  3.756010e+01 -1.201923e+01  3.689153e+02  3.756010e+01 
 7.512019e+00  3.756010e+01  3.932542e+01 -3.756010e+01  3.756010e+01  3.174579e+01 -3.756010e+01 -1.878005e+02  3.237154e+02  7.512019e+00 -1.878005e+02  2.625150e+02  3.756010e+01  1.878005e+02 -2.721304e+02 -7.512019e+00  1.878005e+02 -2.797100e+02 -7.512019e+00 -3.756010e+01 -5.652043e+01  3.756010e+01 -3.756010e+01 -4.894081e+01 
-7.361028e+01  1.201923e+01  3.756010e+01 -9.006911e+01  6.009615e+01  7.512019e+00  1.331205e+02 -1.201923e+01  7.512019e+00  2.183594e+02 -6.009615e+01  3.756010e+01 -1.503155e+02  1.201923e+01 -7.512019e+00 -1.667743e+02  6.009615e+01 -3.756010e+01  5.641526e+01 -1.201923e+01 -3.756010e+01  7.287410e+01 -6.009615e+01 -7.512019e+00 
-1.201923e+01 -3.861103e+02 -3.756010e+01  6.009615e+01 -3.785306e+02 -3.756010e+01  1.201923e+01  4.456205e+02 -1.878005e+02 -6.009615e+01  5.068209e+02 -1.878005e+02 -1.201923e+01 -4.628155e+02  1.878005e+02  6.009615e+01 -4.552359e+02  1.878005e+02  1.201923e+01  3.689153e+02  3.756010e+01 -6.009615e+01  3.613356e+02  3.756010e+01 
 3.756010e+01  3.756010e+01  3.174579e+01 -7.512019e+00  3.756010e+01  3.932542e+01 -7.512019e+00 -1.878005e+02  2.625150e+02  3.756010e+01 -1.878005e+02  3.237154e+02  7.512019e+00  1.878005e+02 -2.797100e+02 -3.756010e+01  1.878005e+02 -2.721304e+02 -3.756010e+01 -3.756010e+01 -4.894081e+01  7.512019e+00 -3.756010e+01 -5.652043e+01 
 7.287410e+01  6.009615e+01  7.512019e+00  5.641526e+01  1.201923e+01  3.756010e+01 -1.667743e+02 -6.009615e+01  3.756010e+01 -1.503155e+02 -1.201923e+01  7.512019e+00  2.183594e+02  6.009615e+01 -3.756010e+01  1.331205e+02  1.201923e+01 -7.512019e+00 -9.006911e+01 -6.009615e+01 -7.512019e+00 -7.361028e+01 -1.201923e+01 -3.756010e+01 
 6.009615e+01  3.613356e+02  3.756010e+01 -1.201923e+01  3.689153e+02  3.756010e+01 -6.009615e+01 -4.552359e+02  1.878005e+02  1.201923e+01 -4.628155e+02  1.878005e+02  6.009615e+01  5.068209e+02 -1.878005e+02 -1.201923e+01  4.456205e+02 -1.878005e+02 -6.009615e+01 -3.785306e+02 -3.756010e+01  1.201923e+01 -3.861103e+02 -3.756010e+01 
-7.512019e+00 -3.756010e+01 -5.652043e+01  3.756010e+01 -3.756010e+01 -4.894081e+01  3.756010e+01  1.878005e+02 -2.721304e+02 -7.512019e+00  1.878005e+02 -2.797100e+02 -3.756010e+01 -1.878005e+02  3.237154e+02  7.512019e+00 -1.878005e+02  2.625150e+02  7.512019e+00  3.756010e+01  3.932542e+01 -3.756010e+01  3.756010e+01  3.174579e+01 
 5.641526e+01 -1.201923e+01 -3.756010e+01  7.287410e+01 -6.009615e+01 -7.512019e+00 -1.503155e+02  1.201923e+01 -7.512019e+00 -1.667743e+02  6.009615e+01 -3.756010e+01  1.331205e+02 -1.201923e+01  7.512019e+00  2.183594e+02 -6.009615e+01  3.756010e+01 -7.361028e+01  1.201923e+01  3.756010e+01 -9.006911e+01  6.009615e+01  7.512019e+00 
 1.201923e+01  3.689153e+02  3.756010e+01 -6.009615e+01  3.613356e+02  3.756010e+01 -1.201923e+01 -4.628155e+02  1.878005e+02  6.009615e+01 -4.552359e+02  1.878005e+02  1.201923e+01  4.456205e+02 -1.878005e+02 -6.009615e+01  5.068209e+02 -1.878005e+02 -1.201923e+01 -3.861103e+02 -3.756010e+01  6.009615e+01 -3.785306e+02 -3.756010e+01 
-3.756010e+01 -3.756010e+01 -4.894081e+01  7.512019e+00 -3.756010e+01 -5.652043e+01  7.512019e+00  1.878005e+02 -2.797100e+02 -3.756010e+01  1.878005e+02 -2.721304e+02 -7.512019e+00 -1.878005e+02  2.625150e+02  3.756010e+01 -1.878005e+02  3.237154e+02  3.756010e+01  3.756010e+01  3.174579e+01 -7.512019e+00  3.756010e+01  3.932542e+01 
-1.667743e+02 -6.009615e+01 -3.756010e+01 -1.503155e+02 -1.201923e+01 -7.512019e+00  7.287410e+01  6.009615e+01 -7.512019e+00  5.641526e+01  1.201923e+01 -3.756010e+01 -9.006911e+01 -6.009615e+01  7.512019e+00 -7.361028e+01 -1.201923e+01  3.756010e+01  2.183594e+02  6.009615e+01  3.756010e+01  1.331205e+02  1.201923e+01  7.512019e+00 
-6.009615e+01 -4.552359e+02 -1.878005e+02  1.201923e+01 -4.628155e+02 -1.878005e+02  6.009615e+01  3.613356e+02 -3.756010e+01 -1.201923e+01  3.689153e+02 -3.756010e+01 -6.009615e+01 -3.785306e+02  3.756010e+01  1.201923e+01 -3.861103e+02  3.756010e+01  6.009615e+01  5.068209e+02  1.878005e+02 -1.201923e+01  4.456205e+02  1.878005e+02 
-3.756010e+01 -1.878005e+02 -2.721304e+02  7.512019e+00 -1.878005e+02 -2.797100e+02  7.512019e+00  3.756010e+01 -5.652043e+01 -3.756010e+01  3.756010e+01 -4.894081e+01 -7.512019e+00 -3.756010e+01  3.932542e+01  3.756010e+01 -3.756010e+01  3.174579e+01  3.756010e+01  1.878005e+02  3.237154e+02 -7.512019e+00  1.878005e+02  2.625150e+02 
-1.503155e+02  1.201923e+01  7.512019e+00 -1.667743e+02  6.009615e+01  3.756010e+01  5.641526e+01 -1.201923e+01  3.756010e+01  7.287410e+01 -6.009615e+01  7.512019e+00 -7.361028e+01  1.201923e+01 -3.756010e+01 -9.006911e+01  6.009615e+01 -7.512019e+00  1.331205e+02 -1.201923e+01 -7.512019e+00  2.183594e+02 -6.009615e+01 -3.756010e+01 
-1.201923e+01 -4.628155e+02 -1.878005e+02  6.009615e+01 -4.552359e+02 -1.878005e+02  1.201923e+01  3.689153e+02 -3.756010e+01 -6.009615e+01  3.613356e+02 -3.756010e+01 -1.201923e+01 -3.861103e+02  3.756010e+01  6.009615e+01 -3.785306e+02  3.756010e+01  1.201923e+01  4.456205e+02  1.878005e+02 -6.009615e+01  5.068209e+02  1.878005e+02 
-7.512019e+00 -1.878005e+02 -2.797100e+02  3.756010e+01 -1.878005e+02 -2.721304e+02  3.756010e+01  3.756010e+01 -4.894081e+01 -7.512019e+00  3.756010e+01 -5.652043e+01 -3.756010e+01 -3.756010e+01  3.174579e+01  7.512019e+00 -3.756010e+01  3.932542e+01  7.512019e+00  1.878005e+02  2.625150e+02 -3.756010e+01  1.878005e+02  3.237154e+02 

 2.183594e+02  6.009615e+01  3.756010e+01  1.331205e+02  1.201923e+01  7.512019e+00 -9.006911e+01 -6.009615e+01  7.512019e+00 -7.361028e+01 -1.201923e+01  3.756010e+01  7.287410e+01  6.009615e+01 -7.512019e+00  5.641526e+01  1.201923e+01 -3.756010e+01 -1.667743e+02 -6.009615e+01 -3.756010e+01 -1.503155e+02 -1.201923e+01 -7.512019e+00 
 6.009615e+01  5.068209e+02  1.878005e+02 -1.201923e+01  4.456205e+02  1.878005e+02 -6.009615e+01 -3.785306e+02  3.756010e+01  1.201923e+01 -3.861103e+02  3.756010e+01  6.009615e+01  3.613356e+02 -3.756010e+01 -1.201923e+01  3.689153e+02 -3.756010e+01 -6.009615e+01 -4.552359e+02 -1.878005e+02  1.201923e+01 -4.628155e+02 -1.878005e+02 
 3.756010e+01  1.878005e+02  3.237154e+02 -7.512019e+00  1.878005e+02  2.625150e+02 -7.512019e+00 -3.756010e+01  3.932542e+01  3.756010e+01 -3.756010e+01  3.174579e+01  7.512019e+00  3.756010e+01 -5.652043e+01 -3.756010e+01  3.756010e+01 -4.894081e+01 -3.756010e+01 -1.878005e+02 -2.721304e+02  7.512019e+00 -1.878005e+02 -2.797100e+02 
 1.331205e+02 -1.201923e+01 -7.512019e+00  2.183594e+02 -6.009615e+01 -3.756010e+01 -7.361028e+01  1.201923e+01 -3.756010e+01 -9.006911e+01  6.009615e+01 -7.512019e+00  5.641526e+01 -1.201923e+01  3.756010e+01  7.287410e+01 -6.009615e+01  7.512019e+00 -1.503155e+02  1.201923e+01  7.512019e+00 -1.667743e+02  6.009615e+01  3.756010e+01 
 1.201923e+01  4.456205e+02  1.878005e+02 -6.009615e+01  5.068209e+02  1.878005e+02 -1.201923e+01 -3.861103e+02  3.756010e+01  6.009615e+01 -3.785306e+02  3.756010e+01  1.201923e+01  3.689153e+02 -3.756010e+01 -6.009615e+01  3.613356e+02 -3.756010e+01 -1.201923e+01 -4.628155e+02 -1.878005e+02  6.009615e+01 -4.552359e+02 -1.878005e+02 
 7.512019e+00  1.878005e+02  2.625150e+02 -3.756010e+01  1.878005e+02  3.237154e+02 -3.756010e+01 -3.756010e+01  3.174579e+01  7.512019e+00 -3.756010e+01  3.932542e+01  3.756010e+01  3.756010e+01 -4.894081e+01 -7.512019e+00  3.756010e+01 -5.652043e+01 -7.512019e+00 -1.878005e+02 -2.797100e+02  3.756010e+01 -1.878005e+02 -2.721304e+02 
-9.006911e+01 -6.009615e+01 -7.512019e+00 -7.361028e+01 -1.201923e+01 -3.756010e+01  2.183594e+02  6.009615e+01 -3.756010e+01  1.331205e+02  1.201923e+01 -7.512019e+00 -1.667743e+02 -6.009615e+01  3.756010e+01 -1.503155e+02 -1.201923e+01  7.512019e+00  7.287410e+01  6.009615e+01  7.512019e+00  5.641526e+01  1.201923e+01  3.756010e+01 
-6.009615e+01 -3.785306e+02 -3.756010e+01  1.201923e+01 -3.861103e+02 -3.756010e+01  6.009615e+01  5.068209e+02 -1.878005e+02 -1.201923e+01  4.456205e+02 -1.878005e+02 -6.009615e+01 -4.552359e+02  1.878005e+02  1.201923e+01 -4.628155e+02  1.878005e+02  6.009615e+01  3.613356e+02  3.756010e+01 -1.201923e+01  3.689153e+02  3.756010e+01 
 7.512019e+00  3.756010e+01  3.932542e+01 -3.756010e+01  3.756010e+01  3.174579e+01 -3.756010e+01 -1.878005e+02  3.237154e+02  7.512019e+00 -1.878005e+02  2.625150e+02  3.756010e+01  1.878005e+02 -2.721304e+02 -7.512019e+00  1.878005e+02 -2.797100e+02 -7.512019e+00 -3.756010e+01 -5.652043e+01  3.756010e+01 -3.756010e+01 -4.894081e+01 
-7.361028e+01  1.201923e+01  3.756010e+01 -9.006911e+01  6.009615e+01  7.512019e+00  1.331205e+02 -1.201923e+01  7.512019e+00  2.183594e+02 -6.009615e+01  3.756010e+01 -1.503155e+02  1.201923e+01 -7.512019e+00 -1.667743e+02  6.009615e+01 -3.756010e+01  5.641526e+01 -1.201923e+01 -3.756010e+01  7.287410e+01 -6.009615e+01 -7.512019e+00 
-1.201923e+01 -3.861103e+02 -3.756010e+01  6.009615e+01 -3.785306e+02 -3.756010e+01  1.201923e+01  4.456205e+02 -1.878005e+02 -6.009615e+01  5.068209e+02 -1.878005e+02 -1.201923e+01 -4.628155e+02  1.878005e+02  6.009615e+01 -4.552359e+02  1.878005e+02  1.201923e+01  3.689153e+02  3.756010e+01 -6.009615e+01  3.613356e+02  3.756010e+01 
 3.756010e+01  3.756010e+01  3.174579e+01 -7.512019e+00  3.756010e+01  3.932542e+01 -7.512019e+00 -1.878005e+02  2.625150e+02  3.756010e+01 -1.878005e+02  3.237154e+02  7.512019e+00  1.878005e+02 -2.797100e+02 -3.756010e+01  1.878005e+02 -2.721304e+02 -3.756010e+01 -3.756010e+01 -4.894081e+01  7.512019e+00 -3.756010e+01 -5.652043e+01 
 7.287410e+01  6.009615e+01  7.512019e+00  5.641526e+01  1.201923e+01  3.756010e+01 -1.667743e+02 -6.009615e+01  3.756010e+01 -1.503155e+02 -1.201923e+01  7.512019e+00  2.183594e+02  6.009615e+01 -3.756010e+01  1.331205e+02  1.201923e+01 -7.512019e+00 -9.006911e+01 -6.009615e+01 -7.512019e+00 -7.361028e+01 -1.201923e+01 -3.756010e+01 
 6.009615e+01  3.613356e+02  3.756010e+01 -1.201923e+01  3.689153e+02  3.756010e+01 -6.009615e+01 -4.552359e+02  1.878005e+02  1.201923e+01 -4.628155e+02  1.878005e+02  6.009615e+01  5.068209e+02 -1.878005e+02 -1.201923e+01  4.456205e+02 -1.878005e+02 -6.009615e+01 -3.785306e+02 -3.756010e+01  1.201923e+01 -3.861103e+02 -3.756010e+01 
-7.512019e+00 -3.756010e+01 -5.652043e+01  3.756010e+01 -3.756010e+01 -4.894081e+01  3.756010e+01  1.878005e+02 -2.721304e+02 -7.512019e+00  1.878005e+02 -2.797100e+02 -3.756010e+01 -1.878005e+02  3.237154e+02  7.512019e+00 -1.878005e+02  2.625150e+02  7.512019e+00  3.756010e+01  3.932542e+01 -3.756010e+01  3.756010e+01  3.174579e+01 
 5.641526e+01 -1.201923e+01 -3.756010e+01  7.287410e+01 -6.009615e+01 -7.512019e+00 -1.503155e+02  1.201923e+01 -7.512019e+00 -1.667743e+02  6.009615e+01 -3.756010e+01  1.331205e+02 -1.201923e+01  7.512019e+00  2.183594e+02 -6.009615e+01  3.756010e+01 -7.361028e+01  1.201923e+01  3.756010e+01 -9.006911e+01  6.009615e+01  7.512019e+00 
 1.201923e+01  3.689153e+02  3.756010e+01 -6.009615e+01  3.613356e+02  3.756010e+01 -1.201923e+01 -4.628155e+02  1.878005e+02  6.009615e+01 -4.552359e+02  1.878005e+02  1.201923e+01  4.456205e+02 -1.878005e+02 -6.009615e+01  5.068209e+02 -1.878005e+02 -1.201923e+01 -3.861103e+02 -3.756010e+01  6.009615e+01 -3.785306e+02 -3.756010e+01 
-3.756010e+01 -3.756010e+01 -4.894081e+01  7.512019e+00 -3.756010e+01 -5.652043e+01  7.512019e+00  1.878005e+02 -2.797100e+02 -3.756010e+01  1.878005e+02 -2.721304e+02 -7.512019e+00 -1.878005e+02  2.625150e+02  3.756010e+01 -1.878005e+02  3.237154e+02  3.756010e+01  3.756010e+01  3.174579e+01 -7.512019e+00  3.756010e+01  3.932542e+01 
-1.667743e+02 -6.009615e+01 -3.756010e+01 -1.503155e+02 -1.201923e+01 -7.512019e+00  7.287410e+01  6.009615e+01 -7.512019e+00  5.641526e+01  1.201923e+01 -3.756010e+01 -9.006911e+01 -6.009615e+01  7.512019e+00 -7.361028e+01 -1.201923e+01  3.756010e+01  2.183594e+02  6.009615e+01  3.756010e+01  1.331205e+02  1.201923e+01  7.512019e+00 
-6.009615e+01 -4.552359e+02 -1.878005e+02  1.201923e+01 -4.628155e+02 -1.878005e+02  6.009615e+01  3.613356e+02 -3.756010e+01 -1.201923e+01  3.689153e+02 -3.756010e+01 -6.009615e+01 -3.785306e+02  3.756010e+01  1.201923e+01 -3.861103e+02  3.756010e+01  6.009615e+01  5.068209e+02  1.878005e+02 -1.201923e+01  4.456205e+02  1.878005e+02 
-3.756010e+01 -1.878005e+02 -2.721304e+02  7.512019e+00 -1.878005e+02 -2.797100e+02  7.512019e+00  3.756010e+01 -5.652043e+01 -3.756010e+01  3.756010e+01 -4.894081e+01 -7.512019e+00 -3.756010e+01  3.932542e+01  3.756010e+01 -3.756010e+01  3.174579e+01  3.756010e+01  1.878005e+02  3.237154e+02 -7.512019e+00  1.878005e+02  2.625150e+02 
-1.503155e+02  1.201923e+01  7.512019e+00 -1.667743e+02  6.009615e+01  3.756010e+01  5.641526e+01 -1.201923e+01  3.756010e+01  7.287410e+01 -6.009615e+01  7.512019e+00 -7.361028e+01  1.201923e+01 -3.756010e+01 -9.006911e+01  6.009615e+01 -7.512019e+00  1.331205e+02 -1.201923e+01 -7.512019e+00  2.183594e+02 -6.009615e+01 -3.756010e+01 
-1.201923e+01 -4.628155e+02 -1.878005e+02  6.009615e+01 -4.552359e+02 -1.878005e+02  1.201923e+01  3.689153e+02 -3.756010e+01 -6.009615e+01  3.613356e+02 -3.756010e+01 -1.201923e+01 -3.861103e+02  3.756010e+01  6.009615e+01 -3.785306e+02  3.756010e+01  1.201923e+01  4.456205e+02  1.878005e+02 -6.009615e+01  5.068209e+02  1.878005e+02 
-7.512019e+00 -1.878005e+02 -2.797100e+02  3.756010e+01 -1.878005e+02 -2.721304e+02  3.756010e+01  3.756010e+01 -4.894081e+01 -7.512019e+00  3.756010e+01 -5.652043e+01 -3.756010e+01 -3.756010e+01  3.174579e+01  7.512019e+00 -3.756010e+01  3.932542e+01  7.512019e+00  1.878005e+02  2.625150e+02 -3.756010e+01  1.878005e+02  3.237154e+02 

 2.183594e+02  6.009615e+01  3.756010e+01  1.331205e+02  1.201923e+01  7.512019e+00 -9.006911e+01 -6.009615e+01  7.512019e+00 -7.361028e+01 -1.201923e+01  3.756010e+01  7.287410e+01  6.009615e+01 -7.512019e+00  5.641526e+01  1.201923e+01 -3.756010e+01 -1.667743e+02 -6.009615e+01 -3.756010e+01 -1.503155e+02 -1.201923e+01 -7.512019e+00 
 6.009615e+01  5.068209e+02  1.878005e+02 -1.201923e+01  4.456205e+02  1.878005e+02 -6.009615e+01 -3.785306e+02  3.756010e+01  1.201923e+01 -3.861103e+02  3.756010e+01  6.009615e+01  3.613356e+02 -3.756010e+01 -1.201923e+01  3.689153e+02 -3.756010e+01 -6.009615e+01 -4.552359e+02 -1.878005e+02  1.201923e+01 -4.628155e+02 -1.878005e+02 
 3.756010e+01  1.878005e+02  3.237154e+02 -7.512019e+00  1.878005e+02  2.625150e+02 -7.512019e+00 -3.756010e+01  3.932542e+01  3.756010e+01 -3.756010e+01  3.174579e+01  7.512019e+00  3.756010e+01 -5.652043e+01 -3.756010e+01  3.756010e+01 -4.894081e+01 -3.756010e+01 -1.878005e+02 -2.721304e+02  7.512019e+00 -1.878005e+02 -2.797100e+02 
 1.331205e+02 -1.201923e+01 -7.512019e+00  2.183594e+02 -6.009615e+01 -3.756010e+01 -7.361028e+01  1.201923e+01 -3.756010e+01 -9.006911e+01  6.009615e+01 -7.512019e+00  5.641526e+01 -1.201923e+01  3.756010e+01  7.287410e+01 -6.009615e+01  7.512019e+00 -1.503155e+02  1.201923e+01  7.512019e+00 -1.667743e+02  6.009615e+01  3.756010e+01 
 1.201923e+01  4.456205e+02  1.878005e+02 -6.009615e+01  5.068209e+02  1.878005e+02 -1.201923e+01 -3.861103e+02  3.756010e+01  6.009615e+01 -3.785306e+02  3.756010e+01  1.201923e+01  3.689153e+02 -3.756010e+01 -6.009615e+01  3.613356e+02 -3.756010e+01 -1.201923e+01 -4.628155e+02 -1.878005e+02  6.009615e+01 -4.552359e+02 -1.878005e+02 
 7.512019e+00  1.878005e+02  2.625150e+02 -3.756010e+01  1.878005e+02  3.237154e+02 -3.756010e+01 -3.756010e+01  3.174579e+01  7.512019e+00 -3.756010e+01  3.932542e+01  3.756010e+01  3.756010e+01 -4.894081e+01 -7.512019e+00  3.756010e+01 -5.652043e+01 -7.512019e+00 -1.878005e+02 -2.797100e+02  3.756010e+01 -1.878005e+02 -2.721304e+02 
-9.006911e+01 -6.009615e+01 -7.512019e+00 -7.361028e+01 -1.201923e+01 -3.756010e+01  2.183594e+02  6.009615e+01 -3.756010e+01  1.331205e+02  1.201923e+01 -7.512019e+00 -1.667743e+02 -6.009615e+01  3.756010e+01 -1.503155e+02 -1.201923e+01  7.512019e+00  7.287410e+01  6.009615e+01  7.512019e+00  5.641526e+01  1.201923e+01  3.756010e+01 
-6.009615e+01 -3.785306e+02 -3.756010e+01  1.201923e+01 -3.861103e+02 -3.756010e+01  6.009615e+01  5.068209e+02 -1.878005e+02 -1.201923e+01  4.456205e+02 -1.878005e+02 -6.009615e+01 -4.552359e+02  1.878005e+02  1.201923e+01 -4.628155e+02  1.878005e+02  6.009615e+01  3.613356e+02  3.756010e+01 -1.201923e+01  3.689153e+02  3.756010e+01 
 7.512019e+00  3.756010e+01  3.932542e+01 -3.756010e+01  3.756010e+01  3.174579e+01 -3.756010e+01 -1.878005e+02  3.237154e+02  7.512019e+00 -1.878005e+02  2.625150e+02  3.756010e+01  1.878005e+02 -2.721304e+02 -7.512019e+00  1.878005e+02 -2.797100e+02 -7.512019e+00 -3.756010e+01 -5.652043e+01  3.756010e+01 -3.756010e+01 -4.894081e+01 
-7.361028e+01  1.201923e+01  3.756010e+01 -9.006911e+01  6.009615e+01  7.512019e+00  1.331205e+02 -1.201923e+01  7.512019e+00  2.183594e+02 -6.009615e+01  3.756010e+01 -1.503155e+02  1.201923e+01 -7.512019e+00 -1.667743e+02  6.009615e+01 -3.756010e+01  5.641526e+01 -1.201923e+01 -3.756010e+01  7.287410e+01 -6.009615e+01 -7.512019e+00 
-1.201923e+01 -3.861103e+02 -3.756010e+01  6.009615e+01 -3.785306e+02 -3.756010e+01  1.201923e+01  4.456205e+02 -1.878005e+02 -6.009615e+01  5.068209e+02 -1.878005e+02 -1.201923e+01 -4.628155e+02  1.878005e+02  6.009615e+01 -4.552359e+02  1.878005e+02  1.201923e+01  3.689153e+02  3.756010e+01 -6.009615e+01  3.613356e+02  3.756010e+01 
 3.756010e+01  3.756010e+01  3.174579e+01 -7.512019e+00  3.756010e+01  3.932542e+01 -7.512019e+00 -1.878005e+02  2.625150e+02  3.756010e+01 -1.878005e+02  3.237154e+02  7.512019e+00  1.878005e+02 -2.797100e+02 -3.756010e+01  1.878005e+02 -2.721304e+02 -3.756010e+01 -3.756010e+01 -4.894081e+01  7.512019e+00 -3.756010e+01 -5.652043e+01 
 7.287410e+01  6.009615e+01  7.512019e+00  5.641526e+01  1.201923e+01  3.756010e+01 -1.667743e+02 -6.009615e+01  3.756010e+01 -1.503155e+02 -1.201923e+01  7.512019e+00  2.183594e+02  6.009615e+01 -3.756010e+01  1.331205e+02  1.201923e+01 -7.512019e+00 -9.006911e+01 -6.009615e+01 -7.512019e+00 -7.361028e+01 -1.201923e+01 -3.756010e+01 
 6.009615e+01  3.613356e+02  3.756010e+01 -1.201923e+01  3.689153e+02  3.756010e+01 -6.009615e+01 -4.552359e+02  1.878005e+02  1.201923e+01 -4.628155e+02  1.878005e+02  6.009615e+01  5.068209e+02 -1.878005e+02 -1.201923e+01  4.456205e+02 -1.878005e+02 -6.009615e+01 -3.785306e+02 -3.756010e+01  1.201923e+01 -3.861103e+02 -3.756010e+01 
-7.512019e+00 -3.756010e+01 -5.652043e+01  3.756010e+01 -3.756010e+01 -4.894081e+01  3.756010e+01  1.878005e+02 -2.721304e+02 -7.512019e+00  1.878005e+02 -2.797100e+02 -3.756010e+01 -1.878005e+02  3.237154e+02  7.512019e+00 -1.878005e+02  2.625150e+02  7.512019e+00  3.756010e+01  3.932542e+01 -3.756010e+01  3.756010e+01  3.174579e+01 
 5.641526e+01 -1.201923e+01 -3.756010e+01  7.287410e+01 -6.009615e+01 -7.512019e+00 -1.503155e+02  1.201923e+01 -7.512019e+00 -1.667743e+02  6.009615e+01 -3.756010e+01  1.331205e+02 -1.201923e+01  7.512019e+00  2.183594e+02 -6.009615e+01  3.756010e+01 -7.361028e+01  1.201923e+01  3.756010e+01 -9.006911e+01  6.009615e+01  7.512019e+00 
 1.201923e+01  3.689153e+02  3.756010e+01 -6.009615e+01  3.613356e+02  3.756010e+01 -1.201923e+01 -4.628155e+02  1.878005e+02  6.009615e+01 -4.552359e+02  1.878005e+02  1.201923e+01  4.456205e+02 -1.878005e+02 -6.009615e+01  5.068209e+02 -1.878005e+02 -1.201923e+01 -3.861103e+02 -3.756010e+01  6.009615e+01 -3.785306e+02 -3.756010e+01 
-3.756010e+01 -3.756010e+01 -4.894081e+01  7.512019e+00 -3.756010e+01 -5.652043e+01  7.512019e+00  1.878005e+02 -2.797100e+02 -3.756010e+01  1.878005e+02 -2.721304e+02 -7.512019e+00 -1.878005e+02  2.625150e+02  3.756010e+01 -1.878005e+02  3.237154e+02  3.756010e+01  3.756010e+01  3.174579e+01 -7.512019e+00  3.756010e+01  3.932542e+01 
-1.667743e+02 -6.009615e+01 -3.756010e+01 -1.503155e+02 -1.201923e+01 -7.512019e+00  7.287410e+01  6.009615e+01 -7.512019e+00  5.641526e+01  1.201923e+01 -3.756010e+01 -9.006911e+01 -6.009615e+01  7.512019e+00 -7.361028e+01 -1.201923e+01  3.756010e+01  2.183594e+02  6.009615e+01  3.756010e+01  1.331205e+02  1.201923e+01  7.512019e+00 
-6.009615e+01 -4.552359e+02 -1.878005e+02  1.201923e+01 -4.628155e+02 -1.878005e+02  6.009615e+01  3.613356e+02 -3.756010e+01 -1.201923e+01  3.689153e+02 -3.756010e+01 -6.009615e+01 -3.785306e+02  3.756010e+01  1.201923e+01 -3.861103e+02  3.756010e+01  6.009615e+01  5.068209e+02  1.878005e+02 -1.201923e+01  4.456205e+02  1.878005e+02 
-3.756010e+01 -1.878005e+02 -2.721304e+02  7.512019e+00 -1.878005e+02 -2.797100e+02  7.512019e+00  3.756010e+01 -5.652043e+01 -3.756010e+01  3.756010e+01 -4.894081e+01 -7.512019e+00 -3.756010e+01  3.932542e+01  3.756010e+01 -3.756010e+01  3.174579e+01  3.756010e+01  1.878005e+02  3.237154e+02 -7.512019e+00  1.878005e+02  2.625150e+02 
-1.503155e+02  1.201923e+01  7.512019e+00 -1.667743e+02  6.009615e+01  3.756010e+01  5.641526e+01 -1.201923e+01  3.756010e+01  7.287410e+01 -6.009615e+01  7.512019e+00 -7.361028e+01  1.201923e+01 -3.756010e+01 -9.006911e+01  6.009615e+01 -7.512019e+00  1.331205e+02 -1.201923e+01 -7.512019e+00  2.183594e+02 -6.009615e+01 -3.756010e+01 
