 2.116373e+00  3.899993e-01  3.899993e-01 -2.045518e+00 -6.399797e-02 -6.399797e-02 -1.976444e+00 -3.959063e-01 -5.765463e-02  1.913870e+00  5.968868e-02  3.937748e-01  1.913870e+00  3.937748e-01  5.968868e-02 -1.976444e+00 -5.765463e-02 -3.959063e-01 -1.908751e+00 -3.894655e-01 -3.894655e-01  1.963046e+00  6.356161e-02  6.356161e-02 
 3.899993e-01  8.771434e-01  1.125204e-01 -1.773920e-01 -5.548488e-01  5.025631e-02 -3.975603e-01 -6.996685e-01 -1.563182e-02  1.697836e-01  4.743471e-01  4.688847e-02  3.961185e-01  6.360367e-01  1.580069e-02 -1.684033e-01 -5.359629e-01 -4.710722e-02 -3.885100e-01 -6.820648e-01 -1.129455e-01  1.759643e-01  4.850178e-01 -4.978139e-02 
 3.899993e-01  1.125204e-01  8.771434e-01 -1.773920e-01  5.025631e-02 -5.548488e-01 -1.684033e-01 -4.710722e-02 -5.359629e-01  3.961185e-01  1.580069e-02  6.360367e-01  1.697836e-01  4.688847e-02  4.743471e-01 -3.975603e-01 -1.563182e-02 -6.996685e-01 -3.885100e-01 -1.129455e-01 -6.820648e-01  1.759643e-01 -4.978139e-02  4.850178e-01 
-2.045518e+00 -1.773920e-01 -1.773920e-01  2.296338e+00 -1.856153e-01 -1.856153e-01  2.005215e+00  1.769468e-01 -1.834913e-01 -2.067497e+00  1.813280e-01 -1.746713e-01 -2.067497e+00 -1.746713e-01  1.813280e-01  2.005215e+00 -1.834913e-01  1.769468e-01  1.965132e+00  1.789586e-01  1.789586e-01 -2.091389e+00  1.839365e-01  1.839365e-01 
-6.399797e-02 -5.548488e-01  5.025631e-02 -1.856153e-01  7.838930e-01  2.244656e-02  6.210668e-02  4.734748e-01 -6.981822e-03  1.806165e-01 -6.084097e-01  2.094234e-02 -6.056406e-02 -5.361924e-01  7.057247e-03 -1.820810e-01  5.465925e-01 -2.104004e-02  6.556290e-02  4.871865e-01 -5.044615e-02  1.839723e-01 -5.916959e-01 -2.223444e-02 
-6.399797e-02  5.025631e-02 -5.548488e-01 -1.856153e-01  2.244656e-02  7.838930e-01 -1.820810e-01 -2.104004e-02  5.465925e-01 -6.056406e-02  7.057247e-03 -5.361924e-01  1.806165e-01  2.094234e-02 -6.084097e-01  6.210668e-02 -6.981822e-03  4.734748e-01  6.556290e-02 -5.044615e-02  4.871865e-01  1.839723e-01 -2.223444e-02 -5.916959e-01 
-1.976444e+00 -3.975603e-01 -1.684033e-01  2.005215e+00  6.210668e-02 -1.820810e-01  2.186304e+00  4.035361e-01 -1.799276e-01 -2.029326e+00 -5.780497e-02 -1.656991e-01 -1.997959e+00 -4.013442e-01  1.778402e-01  1.967694e+00  5.571343e-02  1.678950e-01  1.895715e+00  3.970425e-01  1.699399e-01 -2.051198e+00 -6.168925e-02  1.804359e-01 
-3.959063e-01 -6.996685e-01 -4.710722e-02  1.769468e-01  4.734748e-01 -2.104004e-02  4.035361e-01  8.709034e-01 -5.079817e-02 -1.693142e-01 -5.501630e-01 -7.626642e-02 -4.020534e-01 -6.814947e-01  5.002130e-02  1.678950e-01  4.875669e-01  7.706416e-02  3.944208e-01  6.318279e-01  4.728516e-02 -1.755248e-01 -5.324467e-01  2.084122e-02 
-5.765463e-02 -1.563182e-02 -5.359629e-01 -1.834913e-01 -6.981822e-03  5.465925e-01 -1.799276e-01 -5.079817e-02  7.796246e-01 -5.422473e-02 -5.883143e-02 -5.496373e-01  1.785144e-01  5.012239e-02 -5.908143e-01  5.571343e-02  5.951414e-02  4.875669e-01  5.920158e-02  1.569087e-02  4.675039e-01  1.818688e-01  6.915844e-03 -6.048735e-01 
 1.913870e+00  1.697836e-01  3.961185e-01 -2.067497e+00  1.806165e-01 -6.056406e-02 -2.029326e+00 -1.693142e-01 -5.422473e-02  2.188859e+00 -1.764269e-01  3.998614e-01  1.964570e+00  1.671183e-01  5.631628e-02 -1.997959e+00  1.785144e-01 -4.020534e-01 -1.959577e+00 -1.713079e-01 -3.956137e-01  1.987060e+00 -1.789838e-01  6.015966e-02 
 5.968868e-02  4.743471e-01  1.580069e-02  1.813280e-01 -6.084097e-01  7.057247e-03 -5.780497e-02 -5.501630e-01 -5.883143e-02 -1.764269e-01  7.812572e-01 -4.935454e-02  5.631628e-02  4.858371e-01  5.815767e-02  1.778402e-01 -5.908143e-01  5.002130e-02 -6.121743e-02 -5.323295e-01 -1.586038e-02 -1.797239e-01  5.402750e-01 -6.990556e-03 
 3.937748e-01  4.688847e-02  6.360367e-01 -1.746713e-01  2.094234e-02 -5.361924e-01 -1.656991e-01 -7.626642e-02 -5.496373e-01  3.998614e-01 -4.935454e-02  8.713403e-01  1.671183e-01  7.547779e-02  4.858371e-01 -4.013442e-01  5.012239e-02 -6.814947e-01 -3.923084e-01 -4.706559e-02 -6.946298e-01  1.732685e-01 -2.074444e-02  4.687402e-01 
 1.913870e+00  3.961185e-01  1.697836e-01 -2.067497e+00 -6.056406e-02  1.806165e-01 -1.997959e+00 -4.020534e-01  1.785144e-01  1.964570e+00  5.631628e-02  1.671183e-01  2.188859e+00  3.998614e-01 -1.764269e-01 -2.029326e+00 -5.422473e-02 -1.693142e-01 -1.959577e+00 -3.956137e-01 -1.713079e-01  1.987060e+00  6.015966e-02 -1.789838e-01 
 3.937748e-01  6.360367e-01  4.688847e-02 -1.746713e-01 -5.361924e-01  2.094234e-02 -4.013442e-01 -6.814947e-01  5.012239e-02  1.671183e-01  4.858371e-01  7.547779e-02  3.998614e-01  8.713403e-01 -4.935454e-02 -1.656991e-01 -5.496373e-01 -7.626642e-02 -3.923084e-01 -6.946298e-01 -4.706559e-02  1.732685e-01  4.687402e-01 -2.074444e-02 
 5.968868e-02  1.580069e-02  4.743471e-01  1.813280e-01  7.057247e-03 -6.084097e-01  1.778402e-01  5.002130e-02 -5.908143e-01  5.631628e-02  5.815767e-02  4.858371e-01 -1.764269e-01 -4.935454e-02  7.812572e-01 -5.780497e-02 -5.883143e-02 -5.501630e-01 -6.121743e-02 -1.586038e-02 -5.323295e-01 -1.797239e-01 -6.990556e-03  5.402750e-01 
-1.976444e+00 -1.684033e-01 -3.975603e-01  2.005215e+00 -1.820810e-01  6.210668e-02  1.967694e+00  1.678950e-01  5.571343e-02 -1.997959e+00  1.778402e-01 -4.013442e-01 -2.029326e+00 -1.656991e-01 -5.780497e-02  2.186304e+00 -1.799276e-01  4.035361e-01  1.895715e+00  1.699399e-01  3.970425e-01 -2.051198e+00  1.804359e-01 -6.168925e-02 
-5.765463e-02 -5.359629e-01 -1.563182e-02 -1.834913e-01  5.465925e-01 -6.981822e-03  5.571343e-02  4.875669e-01  5.951414e-02  1.785144e-01 -5.908143e-01  5.012239e-02 -5.422473e-02 -5.496373e-01 -5.883143e-02 -1.799276e-01  7.796246e-01 -5.079817e-02  5.920158e-02  4.675039e-01  1.569087e-02  1.818688e-01 -6.048735e-01  6.915844e-03 
-3.959063e-01 -4.710722e-02 -6.996685e-01  1.769468e-01 -2.104004e-02  4.734748e-01  1.678950e-01  7.706416e-02  4.875669e-01 -4.020534e-01  5.002130e-02 -6.814947e-01 -1.693142e-01 -7.626642e-02 -5.501630e-01  4.035361e-01 -5.079817e-02  8.709034e-01  3.944208e-01  4.728516e-02  6.318279e-01 -1.755248e-01  2.084122e-02 -5.324467e-01 
-1.908751e+00 -3.885100e-01 -3.885100e-01  1.965132e+00  6.556290e-02  6.556290e-02  1.895715e+00  3.944208e-01  5.920158e-02 -1.959577e+00 -6.121743e-02 -3.923084e-01 -1.959577e+00 -3.923084e-01 -6.121743e-02  1.895715e+00  5.920158e-02  3.944208e-01  2.080552e+00  3.879630e-01  3.879630e-01 -2.009208e+00 -6.511240e-02 -6.511240e-02 
-3.894655e-01 -6.820648e-01 -1.129455e-01  1.789586e-01  4.871865e-01 -5.044615e-02  3.970425e-01  6.318279e-01  1.569087e-02 -1.713079e-01 -5.323295e-01 -4.706559e-02 -3.956137e-01 -6.946298e-01 -1.586038e-02  1.699399e-01  4.675039e-01  4.728516e-02  3.879630e-01  8.663021e-01  1.133721e-01 -1.775170e-01 -5.437963e-01  4.996944e-02 
-3.894655e-01 -1.129455e-01 -6.820648e-01  1.789586e-01 -5.044615e-02  4.871865e-01  1.699399e-01  4.728516e-02  4.675039e-01 -3.956137e-01 -1.586038e-02 -6.946298e-01 -1.713079e-01 -4.706559e-02 -5.323295e-01  3.970425e-01  1.569087e-02  6.318279e-01  3.879630e-01  1.133721e-01  8.663021e-01 -1.775170e-01  4.996944e-02 -5.437963e-01 
 1.963046e+00  1.759643e-01  1.759643e-01 -2.091389e+00  1.839723e-01  1.839723e-01 -2.051198e+00 -1.755248e-01  1.818688e-01  1.987060e+00 -1.797239e-01  1.732685e-01  1.987060e+00  1.732685e-01 -1.797239e-01 -2.051198e+00  1.818688e-01 -1.755248e-01 -2.009208e+00 -1.775170e-01 -1.775170e-01  2.265828e+00 -1.823083e-01 -1.823083e-01 
 6.356161e-02  4.850178e-01 -4.978139e-02  1.839365e-01 -5.916959e-01 -2.223444e-02 -6.168925e-02 -5.324467e-01  6.915844e-03 -1.789838e-01  5.402750e-01 -2.074444e-02  6.015966e-02  4.687402e-01 -6.990556e-03  1.804359e-01 -6.048735e-01  2.084122e-02 -6.511240e-02 -5.437963e-01  4.996944e-02 -1.823083e-01  7.787793e-01  2.202433e-02 
 6.356161e-02 -4.978139e-02  4.850178e-01  1.839365e-01 -2.223444e-02 -5.916959e-01  1.804359e-01  2.084122e-02 -6.048735e-01  6.015966e-02 -6.990556e-03  4.687402e-01 -1.789838e-01 -2.074444e-02  5.402750e-01 -6.168925e-02  6.915844e-03 -5.324467e-01 -6.511240e-02  4.996944e-02 -5.437963e-01 -1.823083e-01  2.202433e-02  7.787793e-01 

 1.938140e+00  5.550142e-01  3.650499e-01 -1.943206e+00 -2.839248e-01 -6.776447e-02 -1.786259e+00 -5.614138e-01 -4.886324e-02  1.806795e+00  2.721797e-01  3.785465e-01  1.740767e+00  5.628519e-01  5.294868e-02 -1.884098e+00 -2.737773e-01 -3.825041e-01 -1.728746e+00 -5.511069e-01 -3.637307e-01  1.856606e+00  2.801769e-01  6.631745e-02 
 5.550142e-01  1.014435e+00  1.711364e-01 -3.960980e-01 -6.183286e-01  4.088538e-02 -5.636694e-01 -8.347643e-01 -2.144629e-02  3.798464e-01  5.357085e-01  1.077289e-01  5.663091e-01  7.777484e-01  2.258332e-02 -3.825921e-01 -6.016285e-01 -1.088407e-01 -5.500575e-01 -8.195173e-01 -1.711976e-01  3.912473e-01  5.463467e-01 -4.084945e-02 
 3.650499e-01  1.711364e-01  8.668047e-01 -1.799188e-01  2.289527e-02 -5.439384e-01 -1.536826e-01 -6.989039e-02 -5.209694e-01  3.850101e-01  7.756051e-02  6.266699e-01  1.575458e-01  7.055272e-02  4.658662e-01 -3.887854e-01 -7.823276e-02 -6.943100e-01 -3.626371e-01 -1.710085e-01 -6.729868e-01  1.774181e-01 -2.301327e-02  4.728638e-01 
-1.943206e+00 -3.960980e-01 -1.799188e-01  2.284627e+00  5.497695e-02 -1.910133e-01  1.894287e+00  3.976962e-01 -1.856523e-01 -2.044922e+00 -5.252669e-02 -1.736374e-01 -1.972537e+00 -3.971410e-01  1.831940e-01  2.001498e+00  5.215567e-02  1.759530e-01  1.857152e+00  3.946907e-01  1.814568e-01 -2.076900e+00 -5.375388e-02  1.896181e-01 
-2.839248e-01 -6.183286e-01  2.289527e-02  5.497695e-02  7.528389e-01 -6.846794e-03  2.853834e-01  5.369609e-01 -3.603552e-02 -5.259511e-02 -5.754815e-01 -6.241859e-03 -2.851522e-01 -6.026296e-01  3.586265e-02  5.248851e-02  5.195029e-01  6.394033e-03  2.827704e-01  5.495919e-01 -2.277399e-02 -5.394718e-02 -5.624549e-01  6.746217e-03 
-6.776447e-02  4.088538e-02 -5.439384e-01 -1.910133e-01 -6.846794e-03  7.746570e-01 -1.812068e-01 -4.986354e-02  5.385332e-01 -5.853639e-02 -2.124630e-03 -5.218689e-01  1.800450e-01  4.969678e-02 -6.036009e-01  5.960220e-02  2.264936e-03  4.653081e-01  6.950474e-02 -4.072536e-02  4.751325e-01  1.893691e-01  6.713220e-03 -5.842227e-01 
-1.786259e+00 -5.636694e-01 -1.536826e-01  1.894287e+00  2.853834e-01 -1.812068e-01  1.982387e+00  5.701091e-01 -1.754472e-01 -1.907257e+00 -2.735745e-01 -1.472771e-01 -1.812172e+00 -5.715379e-01  1.733116e-01  1.863598e+00  2.751666e-01  1.492843e-01  1.700669e+00  5.597289e-01  1.551723e-01 -1.935252e+00 -2.816063e-01  1.798455e-01 
-5.614138e-01 -8.347643e-01 -6.989039e-02  3.976962e-01  5.369609e-01 -4.986354e-02  5.701091e-01  1.002415e+00 -8.055256e-02 -3.813765e-01 -6.050411e-01 -9.961353e-02 -5.727475e-01 -8.204097e-01  7.921306e-02  3.841234e-01  5.497325e-01  1.008779e-01  5.564277e-01  7.640165e-01  7.026401e-02 -3.928188e-01 -5.929097e-01  4.956508e-02 
-4.886324e-02 -2.144629e-02 -5.209694e-01 -1.856523e-01 -3.603552e-02  5.385332e-01 -1.754472e-01 -8.055256e-02  7.654520e-01 -3.944752e-02 -6.533777e-02 -5.305890e-01  1.745145e-01  7.959441e-02 -5.832985e-01  4.029399e-02  6.623231e-02  4.750350e-01  5.058533e-02  2.177889e-02  4.508809e-01  1.840165e-01  3.576653e-02 -5.950442e-01 
 1.806795e+00  3.798464e-01  3.850101e-01 -2.044922e+00 -5.259511e-02 -5.853639e-02 -1.907257e+00 -3.813765e-01 -3.944752e-02  2.154408e+00  5.025045e-02  3.984993e-01  1.861131e+00  3.808427e-01  4.378198e-02 -1.982841e+00 -4.989336e-02 -4.026944e-01 -1.846192e+00 -3.784980e-01 -3.837449e-01  1.958877e+00  5.142346e-02  5.713175e-02 
 2.721797e-01  5.357085e-01  7.756051e-02 -5.252669e-02 -5.754815e-01 -2.124630e-03 -2.735745e-01 -6.050411e-01 -6.533777e-02  5.025045e-02  7.447769e-01  1.418767e-02  2.733509e-01  5.468468e-01  6.530808e-02 -5.014646e-02 -5.611662e-01 -1.418693e-02 -2.710747e-01 -5.917169e-01 -7.737113e-02  5.154125e-02  5.060735e-01  1.964191e-03 
 3.785465e-01  1.077289e-01  6.266699e-01 -1.736374e-01 -6.241859e-03 -5.218689e-01 -1.472771e-01 -9.961353e-02 -5.305890e-01  3.984993e-01  1.418767e-02  8.554998e-01  1.513087e-01  9.948546e-02  4.738403e-01 -4.024351e-01 -1.410624e-02 -6.732589e-01 -3.761705e-01 -1.074313e-01 -6.830460e-01  1.711657e-01  5.990858e-03  4.527527e-01 
 1.740767e+00  5.663091e-01  1.575458e-01 -1.972537e+00 -2.851522e-01  1.800450e-01 -1.812172e+00 -5.727475e-01  1.745145e-01  1.861131e+00  2.733509e-01  1.513087e-01  2.015279e+00  5.741661e-01 -1.723365e-01 -1.941972e+00 -2.749345e-01 -1.533571e-01 -1.779399e+00 -5.623649e-01 -1.590171e-01  1.888904e+00  2.813729e-01 -1.787031e-01 
 5.628519e-01  7.777484e-01  7.055272e-02 -3.971410e-01 -6.026296e-01  4.969678e-02 -5.715379e-01 -8.204097e-01  7.959441e-02  3.808427e-01  5.468468e-01  9.948546e-02  5.741661e-01  1.011624e+00 -7.825908e-02 -3.835806e-01 -6.159369e-01 -1.007462e-01 -5.578678e-01 -8.313675e-01 -7.092316e-02  3.922665e-01  5.341248e-01 -4.940096e-02 
 5.294868e-02  2.258332e-02  4.658662e-01  1.831940e-01  3.586265e-02 -6.036009e-01  1.733116e-01  7.921306e-02 -5.832985e-01  4.378198e-02  6.530808e-02  4.738403e-01 -1.723365e-01 -7.825908e-02  7.743809e-01 -4.466998e-02 -6.619916e-02 -5.427010e-01 -5.463943e-02 -2.291165e-02 -5.201468e-01 -1.815903e-01 -3.559722e-02  5.356598e-01 
-1.884098e+00 -3.825921e-01 -3.887854e-01  2.001498e+00  5.248851e-02  5.960220e-02  1.863598e+00  3.841234e-01  4.029399e-02 -1.982841e+00 -5.014646e-02 -4.024351e-01 -1.941972e+00 -3.835806e-01 -4.466998e-02  2.184563e+00  4.978181e-02  4.066706e-01  1.798889e+00  3.812385e-01  3.875029e-01 -2.039638e+00 -5.131318e-02 -5.817917e-02 
-2.737773e-01 -6.016285e-01 -7.823276e-02  5.215567e-02  5.195029e-01  2.264936e-03  2.751666e-01  5.497325e-01  6.623231e-02 -4.989336e-02 -5.611662e-01 -1.410624e-02 -2.749345e-01 -6.159369e-01 -6.619916e-02  4.978181e-02  7.507443e-01  1.410251e-02  2.726722e-01  5.331749e-01  7.804046e-02 -5.117113e-02 -5.744230e-01 -2.102064e-03 
-3.825041e-01 -1.088407e-01 -6.943100e-01  1.759530e-01  6.394033e-03  4.653081e-01  1.492843e-01  1.008779e-01  4.750350e-01 -4.026944e-01 -1.418693e-02 -6.732589e-01 -1.533571e-01 -1.007462e-01 -5.427010e-01  4.066706e-01  1.410251e-02  8.642222e-01  3.800985e-01  1.085391e-01  6.262264e-01 -1.734508e-01 -6.139691e-03 -5.205219e-01 
-1.728746e+00 -5.500575e-01 -3.626371e-01  1.857152e+00  2.827704e-01  6.950474e-02  1.700669e+00  5.564277e-01  5.058533e-02 -1.846192e+00 -2.710747e-01 -3.761705e-01 -1.779399e+00 -5.578678e-01 -5.463943e-02  1.798889e+00  2.726722e-01  3.800985e-01  1.892829e+00  5.461722e-01  3.613052e-01 -1.895202e+00 -2.790424e-01 -6.804672e-02 
-5.511069e-01 -8.195173e-01 -1.710085e-01  3.946907e-01  5.495919e-01 -4.072536e-02  5.597289e-01  7.640165e-01  2.177889e-02 -3.784980e-01 -5.917169e-01 -1.074313e-01 -5.623649e-01 -8.313675e-01 -2.291165e-02  3.812385e-01  5.331749e-01  1.085391e-01  5.461722e-01  9.978824e-01  1.710683e-01 -3.898606e-01 -6.020639e-01  4.069055e-02 
-3.637307e-01 -1.711976e-01 -6.729868e-01  1.814568e-01 -2.277399e-02  4.751325e-01  1.551723e-01  7.026401e-02  4.508809e-01 -3.837449e-01 -7.737113e-02 -6.830460e-01 -1.590171e-01 -7.092316e-02 -5.201468e-01  3.875029e-01  7.804046e-02  6.262264e-01  3.613052e-01  1.710683e-01  8.524501e-01 -1.789445e-01  2.289314e-02 -5.285104e-01 
 1.856606e+00  3.912473e-01  1.774181e-01 -2.076900e+00 -5.394718e-02  1.893691e-01 -1.935252e+00 -3.928188e-01  1.840165e-01  1.958877e+00  5.154125e-02  1.711657e-01  1.888904e+00  3.922665e-01 -1.815903e-01 -2.039638e+00 -5.117113e-02 -1.734508e-01 -1.895202e+00 -3.898606e-01 -1.789445e-01  2.242604e+00  5.274260e-02 -1.879838e-01 
 2.801769e-01  5.463467e-01 -2.301327e-02 -5.375388e-02 -5.624549e-01  6.713220e-03 -2.816063e-01 -5.929097e-01  3.576653e-02  5.142346e-02  5.060735e-01  5.990858e-03  2.813729e-01  5.341248e-01 -3.559722e-02 -5.131318e-02 -5.744230e-01 -6.139691e-03 -2.790424e-01 -6.020639e-01  2.289314e-02  5.274260e-02  7.453065e-01 -6.613569e-03 
 6.631745e-02 -4.084945e-02  4.728638e-01  1.896181e-01  6.746217e-03 -5.842227e-01  1.798455e-01  4.956508e-02 -5.950442e-01  5.713175e-02  1.964191e-03  4.527527e-01 -1.787031e-01 -4.940096e-02  5.356598e-01 -5.817917e-02 -2.102064e-03 -5.205219e-01 -6.804672e-02  4.069055e-02 -5.285104e-01 -1.879838e-01 -6.613569e-03  7.670228e-01 

 1.688610e+00  6.500759e-01  3.267983e-01 -1.746909e+00 -4.568617e-01 -6.677148e-02 -1.527862e+00 -6.549584e-01 -3.590793e-02  1.612654e+00  4.366845e-01  3.503174e-01  1.494165e+00  6.617155e-01  4.089754e-02 -1.696645e+00 -4.434799e-01 -3.554358e-01 -1.480086e+00 -6.415384e-01 -3.244434e-01  1.656074e+00  4.483624e-01  6.454548e-02 
 6.500759e-01  1.172068e+00  2.218101e-01 -5.660108e-01 -7.296750e-01  3.290856e-02 -6.577612e-01 -9.906413e-01 -2.236323e-02  5.402135e-01  6.451382e-01  1.635727e-01  6.660110e-01  9.426276e-01  2.468002e-02 -5.484876e-01 -7.148669e-01 -1.659869e-01 -6.402137e-01 -9.782677e-01 -2.211612e-01  5.561729e-01  6.536169e-01 -3.345997e-02 
 3.267983e-01  2.218101e-01  8.423434e-01 -1.741798e-01 -2.751090e-03 -5.210026e-01 -1.319280e-01 -8.657932e-02 -4.935256e-01  3.601783e-01  1.349408e-01  6.088095e-01  1.371543e-01  8.854743e-02  4.445866e-01 -3.654910e-01 -1.369825e-01 -6.776413e-01 -3.231528e-01 -2.207372e-01 -6.525704e-01  1.706208e-01  1.751659e-03  4.490005e-01 
-1.746909e+00 -5.660108e-01 -1.741798e-01  2.161229e+00  2.784268e-01 -1.943237e-01  1.692681e+00  5.671970e-01 -1.863966e-01 -1.915805e+00 -2.670046e-01 -1.656076e-01 -1.779809e+00 -5.714480e-01  1.842439e-01  1.886319e+00  2.713043e-01  1.679198e-01  1.654458e+00  5.600258e-01  1.756875e-01 -1.952164e+00 -2.724906e-01  1.926567e-01 
-4.568617e-01 -7.296750e-01 -2.751090e-03  2.784268e-01  7.818799e-01 -3.774507e-02  4.591979e-01  6.507443e-01 -6.695913e-02 -2.664426e-01 -6.022421e-01 -3.200728e-02 -4.633634e-01 -7.182114e-01  6.656532e-02  2.706406e-01  5.531208e-01  3.242741e-02  4.513792e-01  6.586473e-01  3.187031e-03 -2.729768e-01 -5.942638e-01  3.728281e-02 
-6.677148e-02  3.290856e-02 -5.210026e-01 -1.943237e-01 -3.774507e-02  7.541424e-01 -1.785796e-01 -8.008172e-02  5.240039e-01 -5.248404e-02 -9.958191e-03 -4.954867e-01  1.780184e-01  8.000865e-02 -5.898653e-01  5.315364e-02  1.004547e-02  4.447075e-01  6.878937e-02 -3.230538e-02  4.512833e-01  1.921974e-01  3.712769e-02 -5.677825e-01 
-1.527862e+00 -6.577612e-01 -1.319280e-01  1.692681e+00  4.591979e-01 -1.785796e-01  1.710514e+00  6.626228e-01 -1.692468e-01 -1.695557e+00 -4.389400e-01 -1.225530e-01 -1.555271e+00 -6.694178e-01  1.676854e-01  1.663700e+00  4.457742e-01  1.242475e-01  1.437904e+00  6.491599e-01  1.334472e-01 -1.726110e+00 -4.506358e-01  1.769273e-01 
-6.549584e-01 -9.906413e-01 -8.657932e-02  5.671970e-01  6.507443e-01 -8.008172e-02  6.626228e-01  1.152198e+00 -1.123508e-01 -5.413638e-01 -7.045042e-01 -1.178329e-01 -6.708926e-01 -9.822846e-01  1.107890e-01  5.496585e-01  6.580314e-01  1.194779e-01  6.450593e-01  9.158019e-01  8.712557e-02 -5.573228e-01 -6.993454e-01  7.945220e-02 
-3.590793e-02 -2.236323e-02 -4.935256e-01 -1.863966e-01 -6.695913e-02  5.240039e-01 -1.692468e-01 -1.123508e-01  7.410268e-01 -2.070600e-02 -6.759039e-02 -4.988896e-01  1.691254e-01  1.114949e-01 -5.678815e-01  2.091795e-02  6.849888e-02  4.491012e-01  3.797718e-02  2.305460e-02  4.225247e-01  1.842368e-01  6.621514e-02 -5.763599e-01 
 1.612654e+00  5.402135e-01  3.601783e-01 -1.915805e+00 -2.664426e-01 -5.248404e-02 -1.695557e+00 -5.413638e-01 -2.070600e-02  2.015821e+00  2.555047e-01  3.841619e-01  1.663065e+00  5.454307e-01  2.615874e-02 -1.861014e+00 -2.596180e-01 -3.897649e-01 -1.642921e+00 -5.344927e-01 -3.578366e-01  1.823756e+00  2.607683e-01  5.029264e-02 
 4.366845e-01  6.451382e-01  1.349408e-01 -2.670046e-01 -6.022421e-01 -9.958191e-03 -4.389400e-01 -7.045042e-01 -6.759039e-02  2.555047e-01  7.649133e-01  7.544107e-02  4.429335e-01  6.532909e-01  6.870671e-02 -2.595290e-01 -5.914084e-01 -7.659654e-02 -4.314336e-01 -6.958015e-01 -1.341896e-01  2.617845e-01  5.306138e-01  9.246088e-03 
 3.503174e-01  1.635727e-01  6.088095e-01 -1.656076e-01 -3.200728e-02 -4.954867e-01 -1.225530e-01 -1.178329e-01 -4.988896e-01  3.841619e-01  7.544107e-02  8.281665e-01  1.281089e-01  1.189911e-01  4.483934e-01 -3.898187e-01 -7.663337e-02 -6.554381e-01 -3.466632e-01 -1.624249e-01 -6.609127e-01  1.620544e-01  3.089361e-02  4.253576e-01 
 1.494165e+00  6.660110e-01  1.371543e-01 -1.779809e+00 -4.633634e-01  1.780184e-01 -1.555271e+00 -6.708926e-01  1.691254e-01  1.663065e+00  4.429335e-01  1.281089e-01  1.760921e+00  6.777511e-01 -1.674854e-01 -1.751748e+00 -4.498319e-01 -1.298844e-01 -1.523935e+00 -6.573212e-01 -1.386419e-01  1.692612e+00  4.547135e-01 -1.763954e-01 
 6.617155e-01  9.426276e-01  8.854743e-02 -5.714480e-01 -7.182114e-01  8.000865e-02 -6.694178e-01 -9.822846e-01  1.114949e-01  5.454307e-01  6.532909e-01  1.189911e-01  6.777511e-01  1.172985e+00 -1.099162e-01 -5.537893e-01 -7.270780e-01 -1.206538e-01 -6.517337e-01 -9.878215e-01 -8.908359e-02  5.614916e-01  6.464924e-01 -7.938860e-02 
 4.089754e-02  2.468002e-02  4.445866e-01  1.842439e-01  6.656532e-02 -5.898653e-01  1.676854e-01  1.107890e-01 -5.678815e-01  2.615874e-02  6.870671e-02  4.483934e-01 -1.674854e-01 -1.099162e-01  7.553569e-01 -2.645090e-02 -6.963271e-02 -5.188730e-01 -4.291721e-02 -2.535584e-02 -4.936425e-01 -1.821320e-01 -6.583636e-02  5.219254e-01 
-1.696645e+00 -5.484876e-01 -3.654910e-01  1.886319e+00  2.706406e-01  5.315364e-02  1.663700e+00  5.496585e-01  2.091795e-02 -1.861014e+00 -2.595290e-01 -3.898187e-01 -1.751748e+00 -5.537893e-01 -2.645090e-02  2.067042e+00  2.637069e-01  3.955043e-01  1.606283e+00  5.426777e-01  3.631160e-01 -1.913936e+00 -2.648779e-01 -5.093122e-02 
-4.434799e-01 -7.148669e-01 -1.369825e-01  2.713043e-01  5.531208e-01  1.004547e-02  4.457742e-01  6.580314e-01  6.849888e-02 -2.596180e-01 -5.914084e-01 -7.663337e-02 -4.498319e-01 -7.270780e-01 -6.963271e-02  2.637069e-01  7.784596e-01  7.780699e-02  4.381455e-01  6.452050e-01  1.362206e-01 -2.660013e-01 -6.014634e-01 -9.323390e-03 
-3.554358e-01 -1.659869e-01 -6.776413e-01  1.679198e-01  3.242741e-02  4.447075e-01  1.242475e-01  1.194779e-01  4.491012e-01 -3.897649e-01 -7.659654e-02 -6.554381e-01 -1.298844e-01 -1.206538e-01 -5.188730e-01  3.955043e-01  7.780699e-02  8.432748e-01  3.517295e-01  1.648229e-01  6.094431e-01 -1.643160e-01 -3.129796e-02 -4.945741e-01 
-1.480086e+00 -6.402137e-01 -3.231528e-01  1.654458e+00  4.513792e-01  6.878937e-02  1.437904e+00  6.450593e-01  3.797718e-02 -1.642921e+00 -4.314336e-01 -3.466632e-01 -1.523935e+00 -6.517337e-01 -4.291721e-02  1.606283e+00  4.381455e-01  3.517295e-01  1.632576e+00  6.317881e-01  3.207910e-01 -1.684279e+00 -4.429912e-01 -6.655391e-02 
-6.415384e-01 -9.782677e-01 -2.207372e-01  5.600258e-01  6.586473e-01 -3.230538e-02  6.491599e-01  9.158019e-01  2.305460e-02 -5.344927e-01 -6.958015e-01 -1.624249e-01 -6.573212e-01 -9.878215e-01 -2.535584e-02  5.426777e-01  6.452050e-01  1.648229e-01  6.317881e-01  1.145154e+00  2.200861e-01 -5.502993e-01 -7.029172e-01  3.285970e-02 
-3.244434e-01 -2.211612e-01 -6.525704e-01  1.756875e-01  3.187031e-03  4.512833e-01  1.334472e-01  8.712557e-02  4.225247e-01 -3.578366e-01 -1.341896e-01 -6.609127e-01 -1.386419e-01 -8.908359e-02 -4.936425e-01  3.631160e-01  1.362206e-01  6.094431e-01  3.207910e-01  2.200861e-01  8.234498e-01 -1.721198e-01 -2.184945e-03 -4.995753e-01 
 1.656074e+00  5.561729e-01  1.706208e-01 -1.952164e+00 -2.729768e-01  1.921974e-01 -1.726110e+00 -5.573228e-01  1.842368e-01  1.823756e+00  2.617845e-01  1.620544e-01  1.692612e+00  5.614916e-01 -1.821320e-01 -1.913936e+00 -2.660013e-01 -1.643160e-01 -1.684279e+00 -5.502993e-01 -1.721198e-01  2.104047e+00  2.671512e-01 -1.905416e-01 
 4.483624e-01  6.536169e-01  1.751659e-03 -2.724906e-01 -5.942638e-01  3.712769e-02 -4.506358e-01 -6.993454e-01  6.621514e-02  2.607683e-01  5.306138e-01  3.089361e-02  4.547135e-01  6.464924e-01 -6.583636e-02 -2.648779e-01 -6.014634e-01 -3.129796e-02 -4.429912e-01 -7.029172e-01 -2.184945e-03  2.671512e-01  7.672667e-01 -3.666884e-02 
 6.454548e-02 -3.345997e-02  4.490005e-01  1.926567e-01  3.728281e-02 -5.677825e-01  1.769273e-01  7.945220e-02 -5.763599e-01  5.029264e-02  9.246088e-03  4.253576e-01 -1.763954e-01 -7.938860e-02  5.219254e-01 -5.093122e-02 -9.323390e-03 -4.945741e-01 -6.655391e-02  3.285970e-02 -4.995753e-01 -1.905416e-01 -3.666884e-02  7.420082e-01 

 1.401260e+00  6.638605e-01  2.792975e-01 -1.482993e+00 -5.596378e-01 -6.242079e-02 -1.234930e+00 -6.662672e-01 -2.219059e-02  1.358555e+00  5.316440e-01  3.108615e-01  1.207351e+00  6.772337e-01  2.750592e-02 -1.440969e+00 -5.425021e-01 -3.160800e-01 -1.196717e+00 -6.492399e-01 -2.759466e-01  1.388443e+00  5.449088e-01  5.897301e-02 
 6.638605e-01  1.320353e+00  2.627962e-01 -6.640998e-01 -8.641010e-01  2.812911e-02 -6.695394e-01 -1.136480e+00 -1.815861e-02  6.295089e-01  7.778529e-01  2.111189e-01  6.821388e-01  1.098957e+00  2.180220e-02 -6.420348e-01 -8.501517e-01 -2.146422e-01 -6.475479e-01 -1.126512e+00 -2.610502e-01  6.477137e-01  7.800817e-01 -2.999532e-02 
 2.792975e-01  2.627962e-01  8.062777e-01 -1.621758e-01 -2.437983e-02 -4.857511e-01 -1.068173e-01 -9.649012e-02 -4.544603e-01  3.239141e-01  1.846594e-01  5.832467e-01  1.125934e-01  9.992082e-02  4.115668e-01 -3.296244e-01 -1.879854e-01 -6.502819e-01 -2.743316e-01 -2.602004e-01 -6.228656e-01  1.571443e-01  2.167940e-02  4.122676e-01 
-1.482993e+00 -6.640998e-01 -1.621758e-01  1.942721e+00  4.527850e-01 -1.957977e-01  1.428082e+00  6.631539e-01 -1.839673e-01 -1.697392e+00 -4.315419e-01 -1.501417e-01 -1.515520e+00 -6.724511e-01  1.819526e-01  1.675806e+00  4.406948e-01  1.520275e-01  1.383843e+00  6.512080e-01  1.639868e-01 -1.734547e+00 -4.397489e-01  1.941156e-01 
-5.596378e-01 -8.641010e-01 -2.437983e-02  4.527850e-01  8.570595e-01 -7.093983e-02  5.610718e-01  7.892815e-01 -1.002488e-01 -4.303855e-01 -6.734424e-01 -5.401756e-02 -5.700198e-01 -8.576810e-01  9.963371e-02  4.392357e-01  6.327302e-01  5.460122e-02  5.476203e-01  7.877156e-01  2.532368e-02 -4.406697e-01 -6.715623e-01  7.002737e-02 
-6.242079e-02  2.812911e-02 -4.857511e-01 -1.957977e-01 -7.093983e-02  7.236865e-01 -1.729796e-01 -1.122614e-01  5.037625e-01 -4.203032e-02 -1.466635e-02 -4.571068e-01  1.727604e-01  1.123516e-01 -5.676213e-01  4.216226e-02  1.456713e-02  4.119754e-01  6.506764e-02 -2.674544e-02  4.146932e-01  1.932381e-01  6.956519e-02 -5.436385e-01 
-1.234930e+00 -6.695394e-01 -1.068173e-01  1.428082e+00  5.610718e-01 -1.729796e-01  1.405070e+00  6.718617e-01 -1.585122e-01 -1.422559e+00 -5.330503e-01 -9.313157e-02 -1.261078e+00 -6.828696e-01  1.573884e-01  1.396191e+00  5.439477e-01  9.415662e-02  1.141639e+00  6.548481e-01  1.087228e-01 -1.452415e+00 -5.462700e-01  1.711729e-01 
-6.662672e-01 -1.136480e+00 -9.649012e-02  6.631539e-01  7.892815e-01 -1.122614e-01  6.718617e-01  1.288853e+00 -1.453943e-01 -6.286494e-01 -8.230108e-01 -1.288805e-01 -6.844543e-01 -1.134546e+00  1.436433e-01  6.411672e-01  7.861591e-01  1.305573e-01  6.499498e-01  1.054359e+00  9.749869e-02 -6.467616e-01 -8.246157e-01  1.113272e-01 
-2.219059e-02 -1.815861e-02 -4.544603e-01 -1.839673e-01 -1.002488e-01  5.037625e-01 -1.585122e-01 -1.453943e-01  7.068946e-01  2.196152e-05 -6.412414e-02 -4.557660e-01  1.589624e-01  1.447440e-01 -5.445854e-01 -5.390145e-04  6.473705e-02  4.111178e-01  2.498302e-02  1.962889e-02  3.826727e-01  1.812418e-01  9.881590e-02 -5.496360e-01 
 1.358555e+00  6.295089e-01  3.239141e-01 -1.697392e+00 -4.303855e-01 -4.203032e-02 -1.422559e+00 -6.286494e-01  2.196152e-05  1.791183e+00  4.101741e-01  3.565475e-01  1.397482e+00  6.374809e-01  6.002249e-03 -1.649444e+00 -4.188691e-01 -3.624498e-01 -1.377452e+00 -6.172694e-01 -3.205194e-01  1.599626e+00  4.180096e-01  3.851382e-02 
 5.316440e-01  7.778529e-01  1.846594e-01 -4.315419e-01 -6.734424e-01 -1.466635e-02 -5.330503e-01 -8.230108e-01 -6.412414e-02  4.101741e-01  8.254705e-01  1.309969e-01  5.415726e-01  7.799878e-01  6.654479e-02 -4.186040e-01 -6.657010e-01 -1.333432e-01 -5.202048e-01 -8.181947e-01 -1.828753e-01  4.200103e-01  5.970377e-01  1.280799e-02 
 3.108615e-01  2.111189e-01  5.832467e-01 -1.501417e-01 -5.401756e-02 -4.571068e-01 -9.313157e-02 -1.288805e-01 -4.557660e-01  3.565475e-01  1.309969e-01  7.886412e-01  9.942014e-02  1.314970e-01  4.110065e-01 -3.627535e-01 -1.335395e-01 -6.271539e-01 -3.058259e-01 -2.084763e-01 -6.287197e-01  1.450236e-01  5.130112e-02  3.858520e-01 
 1.207351e+00  6.821388e-01  1.125934e-01 -1.515520e+00 -5.700198e-01  1.727604e-01 -1.261078e+00 -6.844543e-01  1.589624e-01  1.397482e+00  5.415726e-01  9.942014e-02  1.459089e+00  6.956442e-01 -1.577337e-01 -1.485482e+00 -5.526494e-01 -1.005478e-01 -1.227135e+00 -6.671971e-01 -1.144468e-01  1.425291e+00  5.549650e-01 -1.710079e-01 
 6.772337e-01  1.098957e+00  9.992082e-02 -6.724511e-01 -8.576810e-01  1.123516e-01 -6.828696e-01 -1.134546e+00  1.447440e-01  6.374809e-01  7.799878e-01  1.314970e-01  6.956442e-01  1.321913e+00 -1.429465e-01 -6.501788e-01 -8.571711e-01 -1.332187e-01 -6.606740e-01 -1.130303e+00 -1.009021e-01  6.558147e-01  7.788432e-01 -1.114461e-01 
 2.750592e-02  2.180220e-02  4.115668e-01  1.819526e-01  9.963371e-02 -5.676213e-01  1.573884e-01  1.436433e-01 -5.445854e-01  6.002249e-03  6.654479e-02  4.110065e-01 -1.577337e-01 -1.429465e-01  7.238961e-01 -5.588587e-03 -6.720277e-02 -4.803403e-01 -3.022119e-02 -2.323201e-02 -4.533645e-01 -1.793058e-01 -9.824269e-02  4.994421e-01 
-1.440969e+00 -6.420348e-01 -3.296244e-01  1.675806e+00  4.392357e-01  4.216226e-02  1.396191e+00  6.411672e-01 -5.390145e-04 -1.649444e+00 -4.186040e-01 -3.627535e-01 -1.485482e+00 -6.501788e-01 -5.588587e-03  1.849637e+00  4.274766e-01  3.687569e-01  1.345298e+00  6.295471e-01  3.261798e-01 -1.691036e+00 -4.266090e-01 -3.859343e-02 
-5.425021e-01 -8.501517e-01 -1.879854e-01  4.406948e-01  6.327302e-01  1.456713e-02  5.439477e-01  7.861591e-01  6.473705e-02 -4.188691e-01 -6.657010e-01 -1.335395e-01 -5.526494e-01 -8.571711e-01 -6.720277e-02  4.274766e-01  8.475289e-01  1.359295e-01  5.308238e-01  7.763199e-01  1.861751e-01 -4.289222e-01 -6.697144e-01 -1.268108e-02 
-3.160800e-01 -2.146422e-01 -6.502819e-01  1.520275e-01  5.460122e-02  4.119754e-01  9.415662e-02  1.305573e-01  4.111178e-01 -3.624498e-01 -1.333432e-01 -6.271539e-01 -1.005478e-01 -1.332187e-01 -4.803403e-01  3.687569e-01  1.359295e-01  8.072122e-01  3.109701e-01  2.119607e-01  5.816969e-01 -1.468336e-01 -5.184450e-02 -4.542261e-01 
-1.196717e+00 -6.475479e-01 -2.743316e-01  1.383843e+00  5.476203e-01  6.506764e-02  1.141639e+00  6.499498e-01  2.498302e-02 -1.377452e+00 -5.202048e-01 -3.058259e-01 -1.227135e+00 -6.606740e-01 -3.022119e-02  1.345298e+00  5.308238e-01  3.109701e-01  1.334550e+00  6.332585e-01  2.709795e-01 -1.404025e+00 -5.332257e-01 -6.162152e-02 
-6.492399e-01 -1.126512e+00 -2.602004e-01  6.512080e-01  7.877156e-01 -2.674544e-02  6.548481e-01  1.054359e+00  1.962889e-02 -6.172694e-01 -8.181947e-01 -2.084763e-01 -6.671971e-01 -1.130303e+00 -2.323201e-02  6.295471e-01  7.763199e-01  2.119607e-01  6.332585e-01  1.274588e+00  2.584538e-01 -6.351553e-01 -8.179725e-01  2.861078e-02 
-2.759466e-01 -2.610502e-01 -6.228656e-01  1.639868e-01  2.532368e-02  4.146932e-01  1.087228e-01  9.749869e-02  3.826727e-01 -3.205194e-01 -1.828753e-01 -6.287197e-01 -1.144468e-01 -1.009021e-01 -4.533645e-01  3.261798e-01  1.861751e-01  5.816969e-01  2.709795e-01  2.584538e-01  7.811964e-01 -1.589559e-01 -2.262362e-02 -4.553095e-01 
 1.388443e+00  6.477137e-01  1.571443e-01 -1.734547e+00 -4.406697e-01  1.932381e-01 -1.452415e+00 -6.467616e-01  1.812418e-01  1.599626e+00  4.200103e-01  1.450236e-01  1.425291e+00  6.558147e-01 -1.793058e-01 -1.691036e+00 -4.289222e-01 -1.468336e-01 -1.404025e+00 -6.351553e-01 -1.589559e-01  1.868662e+00  4.279702e-01 -1.915525e-01 
 5.449088e-01  7.800817e-01  2.167940e-02 -4.397489e-01 -6.715623e-01  6.956519e-02 -5.462700e-01 -8.246157e-01  9.881590e-02  4.180096e-01  5.970377e-01  5.130112e-02  5.549650e-01  7.788432e-01 -9.824269e-02 -4.266090e-01 -6.697144e-01 -5.184450e-02 -5.332257e-01 -8.179725e-01 -2.262362e-02  4.279702e-01  8.279023e-01 -6.865080e-02 
 5.897301e-02 -2.999532e-02  4.122676e-01  1.941156e-01  7.002737e-02 -5.436385e-01  1.711729e-01  1.113272e-01 -5.496360e-01  3.851382e-02  1.280799e-02  3.858520e-01 -1.710079e-01 -1.114461e-01  4.994421e-01 -3.859343e-02 -1.268108e-02 -4.542261e-01 -6.162152e-02  2.861078e-02 -4.553095e-01 -1.915525e-01 -6.865080e-02  7.052484e-01 

 1.112542e+00  5.990844e-01  2.275438e-01 -1.185458e+00 -5.815890e-01 -5.694262e-02 -9.434212e-01 -5.993464e-01 -1.156377e-02  1.078978e+00  5.481150e-01  2.632020e-01  9.173651e-01  6.115106e-01  1.664429e-02 -1.153463e+00 -5.602064e-01 -2.682339e-01 -9.165242e-01 -5.780366e-01 -2.229037e-01  1.089981e+00  5.604684e-01  5.225383e-02 
 5.990844e-01  1.427187e+00  2.950130e-01 -6.799110e-01 -9.880162e-01  2.787618e-02 -6.029867e-01 -1.239584e+00 -1.122708e-02  6.390488e-01  9.017448e-01  2.471836e-01  6.168920e-01  1.211012e+00  1.601307e-02 -6.528941e-01 -9.736094e-01 -2.518933e-01 -5.760297e-01 -1.230379e+00 -2.910728e-01  6.567964e-01  8.916462e-01 -3.189261e-02 
 2.275438e-01  2.950130e-01  7.625188e-01 -1.471672e-01 -4.068331e-02 -4.364601e-01 -8.263755e-02 -1.015824e-01 -4.046159e-01  2.799959e-01  2.241777e-01  5.509933e-01  8.823091e-02  1.061759e-01  3.669852e-01 -2.855523e-01 -2.287037e-01 -6.138930e-01 -2.210596e-01 -2.896703e-01 -5.871574e-01  1.406460e-01  3.527307e-02  3.616290e-01 
-1.185458e+00 -6.799110e-01 -1.471672e-01  1.659165e+00  5.549610e-01 -1.961686e-01  1.136200e+00  6.763174e-01 -1.760627e-01 -1.419528e+00 -5.248678e-01 -1.268608e-01 -1.216074e+00 -6.882617e-01  1.741012e-01  1.400510e+00  5.367159e-01  1.287609e-01  1.081913e+00  6.581686e-01  1.489282e-01 -1.456728e+00 -5.331223e-01  1.944691e-01 
-5.815890e-01 -9.880162e-01 -4.068331e-02  5.549610e-01  9.519382e-01 -1.076113e-01  5.814863e-01  9.195843e-01 -1.352075e-01 -5.231891e-01 -7.620731e-01 -6.890766e-02 -5.931246e-01 -9.863192e-01  1.342562e-01  5.347554e-01  7.298737e-01  6.983521e-02  5.613527e-01  9.019304e-01  4.226279e-02 -5.346528e-01 -7.669181e-01  1.060556e-01 
-5.694262e-02  2.787618e-02 -4.364601e-01 -1.961686e-01 -1.076113e-01  6.855445e-01 -1.628618e-01 -1.463544e-01  4.788252e-01 -2.669985e-02 -1.363735e-02 -4.068187e-01  1.627864e-01  1.464971e-01 -5.375064e-01  2.673597e-02  1.348774e-02  3.666675e-01  6.008204e-02 -2.524849e-02  3.642569e-01  1.930685e-01  1.049905e-01 -5.145089e-01 
-9.434212e-01 -6.029867e-01 -8.263755e-02  1.136200e+00  5.814863e-01 -1.628618e-01  1.102547e+00  6.031064e-01 -1.403841e-01 -1.124312e+00 -5.480866e-01 -6.142408e-02 -9.671410e-01 -6.152809e-01  1.395822e-01  1.098646e+00  5.601874e-01  6.218466e-02  8.497594e-01  5.818812e-01  8.470366e-02 -1.152279e+00 -5.603071e-01  1.608370e-01 
-5.993464e-01 -1.239584e+00 -1.015824e-01  6.763174e-01  9.195843e-01 -1.463544e-01  6.031064e-01  1.380175e+00 -1.763660e-01 -6.357296e-01 -9.290293e-01 -1.310031e-01 -6.169489e-01 -1.241855e+00  1.743341e-01  6.495116e-01  9.003486e-01  1.329913e-01  5.763611e-01  1.145807e+00  1.030234e-01 -6.532715e-01 -9.354460e-01  1.449571e-01 
-1.156377e-02 -1.122708e-02 -4.046159e-01 -1.760627e-01 -1.352075e-01  4.788252e-01 -1.403841e-01 -1.763660e-01  6.635379e-01  1.993413e-02 -5.442127e-02 -4.038079e-01  1.411431e-01  1.758073e-01 -5.131316e-01 -2.071863e-02  5.495998e-02  3.631898e-01  1.498554e-02  1.382147e-02  3.326216e-01  1.726665e-01  1.326331e-01 -5.166190e-01 
 1.078978e+00  6.390488e-01  2.799959e-01 -1.419528e+00 -5.231891e-01 -2.669985e-02 -1.124312e+00 -6.357296e-01  1.993413e-02  1.510566e+00  4.947858e-01  3.158013e-01  1.100983e+00  6.469841e-01 -1.392898e-02 -1.379127e+00 -5.059500e-01 -3.217411e-01 -1.086650e+00 -6.185808e-01 -2.751725e-01  1.319090e+00  5.026309e-01  2.181103e-02 
 5.481150e-01  9.017448e-01  2.241777e-01 -5.248678e-01 -7.620731e-01 -1.363735e-02 -5.480866e-01 -9.290293e-01 -5.442127e-02  4.947858e-01  8.994884e-01  1.761482e-01  5.590877e-01  8.935064e-01  5.796034e-02 -5.057193e-01 -7.558137e-01 -1.796338e-01 -5.290057e-01 -9.255511e-01 -2.204712e-01  5.056910e-01  6.777276e-01  9.877406e-03 
 2.632020e-01  2.471836e-01  5.509933e-01 -1.268608e-01 -6.890766e-02 -4.068187e-01 -6.142408e-02 -1.310031e-01 -4.038079e-01  3.158013e-01  1.761482e-01  7.359341e-01  6.764747e-02  1.347541e-01  3.636852e-01 -3.219763e-01 -1.798472e-01 -5.877006e-01 -2.565880e-01 -2.419947e-01 -5.874300e-01  1.201984e-01  6.366667e-02  3.351447e-01 
 9.173651e-01  6.168920e-01  8.823091e-02 -1.216074e+00 -5.931246e-01  1.627864e-01 -9.671410e-01 -6.169489e-01  1.411431e-01  1.100983e+00  5.590877e-01  6.764747e-02  1.148834e+00  6.293728e-01 -1.402239e-01 -1.181388e+00 -5.714360e-01 -6.852403e-02 -9.282523e-01 -5.953360e-01 -9.021003e-02  1.125674e+00  5.714928e-01 -1.608500e-01 
 6.115106e-01  1.211012e+00  1.061759e-01 -6.882617e-01 -9.863192e-01  1.464971e-01 -6.152809e-01 -1.241855e+00  1.758073e-01  6.469841e-01  8.935064e-01  1.347541e-01  6.293728e-01  1.420393e+00 -1.737017e-01 -6.610140e-01 -9.706551e-01 -1.368148e-01 -5.880952e-01 -1.222090e+00 -1.075496e-01  6.647843e-01  8.960080e-01 -1.451683e-01 
 1.664429e-02  1.601307e-02  3.669852e-01  1.741012e-01  1.342562e-01 -5.375064e-01  1.395822e-01  1.743341e-01 -5.131316e-01 -1.392898e-02  5.796034e-02  3.636852e-01 -1.402239e-01 -1.737017e-01  6.794613e-01  1.459712e-02 -5.857169e-02 -4.287758e-01 -1.994835e-02 -1.851483e-02 -4.001498e-01 -1.708236e-01 -1.317755e-01  4.694318e-01 
-1.153463e+00 -6.528941e-01 -2.855523e-01  1.400510e+00  5.347554e-01  2.673597e-02  1.098646e+00  6.495116e-01 -2.071863e-02 -1.379127e+00 -5.057193e-01 -3.219763e-01 -1.181388e+00 -6.610140e-01  1.459712e-02  1.564710e+00  5.171296e-01  3.280311e-01  1.054637e+00  6.319779e-01  2.806432e-01 -1.404525e+00 -5.137471e-01 -2.176017e-02 
-5.602064e-01 -9.736094e-01 -2.287037e-01  5.367159e-01  7.298737e-01  1.348774e-02  5.601874e-01  9.003486e-01  5.495998e-02 -5.059500e-01 -7.558137e-01 -1.798472e-01 -5.714360e-01 -9.706551e-01 -5.857169e-02  5.171296e-01  9.289186e-01  1.834043e-01  5.406701e-01  8.912269e-01  2.249311e-01 -5.171106e-01 -7.502896e-01 -9.660525e-03 
-2.682339e-01 -2.518933e-01 -6.138930e-01  1.287609e-01  6.983521e-02  3.666675e-01  6.218466e-02  1.329913e-01  3.631898e-01 -3.217411e-01 -1.796338e-01 -5.877006e-01 -6.852403e-02 -1.368148e-01 -4.287758e-01  3.280311e-01  1.834043e-01  7.561271e-01  2.615042e-01  2.466134e-01  5.444406e-01 -1.219818e-01 -6.450220e-02 -4.000557e-01 
-9.165242e-01 -5.760297e-01 -2.210596e-01  1.081913e+00  5.613527e-01  6.008204e-02  8.497594e-01  5.763611e-01  1.498554e-02 -1.086650e+00 -5.290057e-01 -2.565880e-01 -9.282523e-01 -5.880952e-01 -1.994835e-02  1.054637e+00  5.406701e-01  2.615042e-01  1.038627e+00  5.557481e-01  2.164543e-01 -1.093509e+00 -5.410014e-01 -5.543014e-02 
-5.780366e-01 -1.230379e+00 -2.896703e-01  6.581686e-01  9.019304e-01 -2.524849e-02  5.818812e-01  1.145807e+00  1.382147e-02 -6.185808e-01 -9.255511e-01 -2.419947e-01 -5.953360e-01 -1.222090e+00 -1.851483e-02  6.319779e-01  8.912269e-01  2.466134e-01  5.557481e-01  1.351348e+00  2.857580e-01 -6.358225e-01 -9.122919e-01  2.923534e-02 
-2.229037e-01 -2.910728e-01 -5.871574e-01  1.489282e-01  4.226279e-02  3.642569e-01  8.470366e-02  1.030234e-01  3.326216e-01 -2.751725e-01 -2.204712e-01 -5.874300e-01 -9.021003e-02 -1.075496e-01 -4.001498e-01  2.806432e-01  2.249311e-01  5.444406e-01  2.164543e-01  2.857580e-01  7.289599e-01 -1.424432e-01 -3.688165e-02 -3.955420e-01 
 1.089981e+00  6.567964e-01  1.406460e-01 -1.456728e+00 -5.346528e-01  1.930685e-01 -1.152279e+00 -6.532715e-01  1.726665e-01  1.319090e+00  5.056910e-01  1.201984e-01  1.125674e+00  6.647843e-01 -1.708236e-01 -1.404525e+00 -5.171106e-01 -1.219818e-01 -1.093509e+00 -6.358225e-01 -1.424432e-01  1.572297e+00  5.135857e-01 -1.913306e-01 
