 1.247007e+01  2.275323e+00  2.275323e+00 -1.255321e+01 -1.552059e+00 -1.552059e+00 -1.174469e+01 -2.283795e+00 -1.467377e+00  1.138709e+01  1.483155e+00  2.267980e+00  1.138709e+01  2.267980e+00  1.483155e+00 -1.174469e+01 -1.467377e+00 -2.283795e+00 -1.094505e+01 -2.199076e+00 -2.199076e+00  1.174339e+01  1.475849e+00  1.475849e+00 
 2.275323e+00  5.129199e+00  6.480355e-01 -1.833432e+00 -4.314365e+00 -2.737103e-01 -2.291521e+00 -4.287758e+00 -4.133020e-01  1.749106e+00  3.547670e+00  4.868385e-01  2.280805e+00  3.922630e+00  4.147455e-01 -1.738419e+00 -3.897704e+00 -4.882969e-01 -2.196478e+00 -3.880011e+00 -6.278737e-01  1.754617e+00  3.780338e+00  2.535634e-01 
 2.275323e+00  6.480355e-01  5.129199e+00 -1.833432e+00 -2.737103e-01 -4.314365e+00 -1.738419e+00 -4.882969e-01 -3.897704e+00  2.280805e+00  4.147455e-01  3.922630e+00  1.749106e+00  4.868385e-01  3.547670e+00 -2.291521e+00 -4.133020e-01 -4.287758e+00 -2.196478e+00 -6.278737e-01 -3.880011e+00  1.754617e+00  2.535634e-01  3.780338e+00 
-1.255321e+01 -1.833432e+00 -1.833432e+00  1.350506e+01  1.024020e+00  1.024020e+00  1.192372e+01  1.834037e+00  9.641042e-01 -1.224969e+01 -9.809182e-01 -1.817187e+00 -1.224969e+01 -1.817187e+00 -9.809182e-01  1.192372e+01  9.641042e-01  1.834037e+00  1.171712e+01  1.774086e+00  1.774086e+00 -1.201704e+01 -9.647085e-01 -9.647085e-01 
-1.552059e+00 -4.314365e+00 -2.737103e-01  1.024020e+00  4.550124e+00  1.156068e-01  1.556886e+00  3.562619e+00  1.745661e-01 -9.789191e-01 -3.727045e+00 -2.056256e-01 -1.545470e+00 -3.885416e+00 -1.751758e-01  9.675290e-01  3.397873e+00  2.062416e-01  1.500370e+00  3.785144e+00  2.651946e-01 -9.723558e-01 -3.368934e+00 -1.070974e-01 
-1.552059e+00 -2.737103e-01 -4.314365e+00  1.024020e+00  1.156068e-01  4.550124e+00  9.675290e-01  2.062416e-01  3.397873e+00 -1.545470e+00 -1.751758e-01 -3.885416e+00 -9.789191e-01 -2.056256e-01 -3.727045e+00  1.556886e+00  1.745661e-01  3.562619e+00  1.500370e+00  2.651946e-01  3.785144e+00 -9.723558e-01 -1.070974e-01 -3.368934e+00 
-1.174469e+01 -2.291521e+00 -1.738419e+00  1.192372e+01  1.556886e+00  9.675290e-01  1.256649e+01  2.299883e+00  9.108441e-01 -1.210716e+01 -1.487832e+00 -1.722859e+00 -1.147508e+01 -2.283843e+00 -9.268487e-01  1.177104e+01  1.471829e+00  1.738898e+00  1.093423e+01  2.214789e+00  1.682179e+00 -1.186854e+01 -1.480191e+00 -9.113231e-01 
-2.283795e+00 -4.287758e+00 -4.882969e-01  1.834037e+00  3.562619e+00  2.062416e-01  2.299883e+00  4.991874e+00  2.549007e-01 -1.749737e+00 -4.151361e+00 -4.211709e-01 -2.289014e+00 -3.892958e+00 -2.581757e-01  1.738898e+00  3.807697e+00  4.244571e-01  2.204714e+00  3.757408e+00  4.731050e-01 -1.754985e+00 -3.787522e+00 -1.910609e-01 
-1.467377e+00 -4.133020e-01 -3.897704e+00  9.641042e-01  1.745661e-01  3.397873e+00  9.108441e-01  2.549007e-01  4.449200e+00 -1.460963e+00 -3.188515e-01 -4.140865e+00 -9.216859e-01 -2.561578e-01 -3.360789e+00  1.471829e+00  3.201181e-01  3.807697e+00  1.418545e+00  4.004432e-01  3.379489e+00 -9.152965e-01 -1.617168e-01 -3.634902e+00 
 1.138709e+01  1.749106e+00  2.280805e+00 -1.224969e+01 -9.789191e-01 -1.545470e+00 -1.210716e+01 -1.749737e+00 -1.460963e+00  1.255443e+01  9.376904e-01  2.272974e+00  1.172026e+01  1.733699e+00  1.476966e+00 -1.147508e+01 -9.216859e-01 -2.289014e+00 -1.130071e+01 -1.692470e+00 -2.204470e+00  1.147085e+01  9.223173e-01  1.469172e+00 
 1.483155e+00  3.547670e+00  4.147455e-01 -9.809182e-01 -3.727045e+00 -1.751758e-01 -1.487832e+00 -4.151361e+00 -3.188515e-01  9.376904e-01  4.443231e+00  2.593449e-01  1.476966e+00  3.761407e+00  3.176728e-01 -9.268487e-01 -3.360789e+00 -2.581757e-01 -1.433738e+00 -3.753301e+00 -4.018419e-01  9.315260e-01  3.240187e+00  1.622817e-01 
 2.267980e+00  4.868385e-01  3.922630e+00 -1.817187e+00 -2.056256e-01 -3.885416e+00 -1.722859e+00 -4.211709e-01 -4.140865e+00  2.272974e+00  2.593449e-01  4.964896e+00  1.733699e+00  4.179726e-01  3.761407e+00 -2.283843e+00 -2.561578e-01 -3.892958e+00 -2.189486e+00 -4.716919e-01 -4.116595e+00  1.738722e+00  1.904902e-01  3.386902e+00 
 1.138709e+01  2.280805e+00  1.749106e+00 -1.224969e+01 -1.545470e+00 -9.789191e-01 -1.147508e+01 -2.289014e+00 -9.216859e-01  1.172026e+01  1.476966e+00  1.733699e+00  1.255443e+01  2.272974e+00  9.376904e-01 -1.210716e+01 -1.460963e+00 -1.749737e+00 -1.130071e+01 -2.204470e+00 -1.692470e+00  1.147085e+01  1.469172e+00  9.223173e-01 
 2.267980e+00  3.922630e+00  4.868385e-01 -1.817187e+00 -3.885416e+00 -2.056256e-01 -2.283843e+00 -3.892958e+00 -2.561578e-01  1.733699e+00  3.761407e+00  4.179726e-01  2.272974e+00  4.964896e+00  2.593449e-01 -1.722859e+00 -4.140865e+00 -4.211709e-01 -2.189486e+00 -4.116595e+00 -4.716919e-01  1.738722e+00  3.386902e+00  1.904902e-01 
 1.483155e+00  4.147455e-01  3.547670e+00 -9.809182e-01 -1.751758e-01 -3.727045e+00 -9.268487e-01 -2.581757e-01 -3.360789e+00  1.476966e+00  3.176728e-01  3.761407e+00  9.376904e-01  2.593449e-01  4.443231e+00 -1.487832e+00 -3.188515e-01 -4.151361e+00 -1.433738e+00 -4.018419e-01 -3.753301e+00  9.315260e-01  1.622817e-01  3.240187e+00 
-1.174469e+01 -1.738419e+00 -2.291521e+00  1.192372e+01  9.675290e-01  1.556886e+00  1.177104e+01  1.738898e+00  1.471829e+00 -1.147508e+01 -9.268487e-01 -2.283843e+00 -1.210716e+01 -1.722859e+00 -1.487832e+00  1.256649e+01  9.108441e-01  2.299883e+00  1.093423e+01  1.682179e+00  2.214789e+00 -1.186854e+01 -9.113231e-01 -1.480191e+00 
-1.467377e+00 -3.897704e+00 -4.133020e-01  9.641042e-01  3.397873e+00  1.745661e-01  1.471829e+00  3.807697e+00  3.201181e-01 -9.216859e-01 -3.360789e+00 -2.561578e-01 -1.460963e+00 -4.140865e+00 -3.188515e-01  9.108441e-01  4.449200e+00  2.549007e-01  1.418545e+00  3.379489e+00  4.004432e-01 -9.152965e-01 -3.634902e+00 -1.617168e-01 
-2.283795e+00 -4.882969e-01 -4.287758e+00  1.834037e+00  2.062416e-01  3.562619e+00  1.738898e+00  4.244571e-01  3.807697e+00 -2.289014e+00 -2.581757e-01 -3.892958e+00 -1.749737e+00 -4.211709e-01 -4.151361e+00  2.299883e+00  2.549007e-01  4.991874e+00  2.204714e+00  4.731050e-01  3.757408e+00 -1.754985e+00 -1.910609e-01 -3.787522e+00 
-1.094505e+01 -2.196478e+00 -2.196478e+00  1.171712e+01  1.500370e+00  1.500370e+00  1.093423e+01  2.204714e+00  1.418545e+00 -1.130071e+01 -1.433738e+00 -2.189486e+00 -1.130071e+01 -2.189486e+00 -1.433738e+00  1.093423e+01  1.418545e+00  2.204714e+00  1.160838e+01  2.122854e+00  2.122854e+00 -1.164748e+01 -1.426781e+00 -1.426781e+00 
-2.199076e+00 -3.880011e+00 -6.278737e-01  1.774086e+00  3.785144e+00  2.651946e-01  2.214789e+00  3.757408e+00  4.004432e-01 -1.692470e+00 -3.753301e+00 -4.716919e-01 -2.204470e+00 -4.116595e+00 -4.018419e-01  1.682179e+00  3.379489e+00  4.731050e-01  2.122854e+00  4.808832e+00  6.083392e-01 -1.697892e+00 -3.980966e+00 -2.456745e-01 
-2.199076e+00 -6.278737e-01 -3.880011e+00  1.774086e+00  2.651946e-01  3.785144e+00  1.682179e+00  4.731050e-01  3.379489e+00 -2.204470e+00 -4.018419e-01 -4.116595e+00 -1.692470e+00 -4.716919e-01 -3.753301e+00  2.214789e+00  4.004432e-01  3.757408e+00  2.122854e+00  6.083392e-01  4.808832e+00 -1.697892e+00 -2.456745e-01 -3.980966e+00 
 1.174339e+01  1.754617e+00  1.754617e+00 -1.201704e+01 -9.723558e-01 -9.723558e-01 -1.186854e+01 -1.754985e+00 -9.152965e-01  1.147085e+01  9.315260e-01  1.738722e+00  1.147085e+01  1.738722e+00  9.315260e-01 -1.186854e+01 -9.152965e-01 -1.754985e+00 -1.164748e+01 -1.697892e+00 -1.697892e+00  1.271650e+01  9.156650e-01  9.156650e-01 
 1.475849e+00  3.780338e+00  2.535634e-01 -9.647085e-01 -3.368934e+00 -1.070974e-01 -1.480191e+00 -3.787522e+00 -1.617168e-01  9.223173e-01  3.240187e+00  1.904902e-01  1.469172e+00  3.386902e+00  1.622817e-01 -9.113231e-01 -3.634902e+00 -1.910609e-01 -1.426781e+00 -3.980966e+00 -2.456745e-01  9.156650e-01  4.364896e+00  9.921430e-02 
 1.475849e+00  2.535634e-01  3.780338e+00 -9.647085e-01 -1.070974e-01 -3.368934e+00 -9.113231e-01 -1.910609e-01 -3.634902e+00  1.469172e+00  1.622817e-01  3.386902e+00  9.223173e-01  1.904902e-01  3.240187e+00 -1.480191e+00 -1.617168e-01 -3.787522e+00 -1.426781e+00 -2.456745e-01 -3.980966e+00  9.156650e-01  9.921430e-02  4.364896e+00 

 9.068582e+00  3.907120e+00  1.644461e+00 -9.447679e+00 -3.665270e+00 -1.095149e+00 -8.077080e+00 -3.765573e+00 -8.948889e-01  8.090181e+00  3.355473e+00  1.611478e+00  8.099370e+00  3.883190e+00  9.868192e-01 -8.764047e+00 -3.473167e+00 -1.703223e+00 -7.378613e+00 -3.573393e+00 -1.503148e+00  8.409285e+00  3.331620e+00  9.536514e-01 
 3.907120e+00  7.205016e+00  1.298401e+00 -3.939143e+00 -6.169771e+00 -6.735111e-01 -3.783667e+00 -6.179968e+00 -6.939390e-01  3.593833e+00  5.158396e+00  1.105974e+00  3.919310e+00  6.045470e+00  7.539399e-01 -3.729507e+00 -5.675694e+00 -1.165861e+00 -3.573999e+00 -5.670836e+00 -1.186403e+00  3.606054e+00  5.287386e+00  5.613988e-01 
 1.644461e+00  1.298401e+00  4.666591e+00 -1.354756e+00 -7.874734e-01 -3.912758e+00 -1.125046e+00 -8.696489e-01 -3.373555e+00  1.647554e+00  1.055247e+00  3.414704e+00  1.210879e+00  9.188457e-01  3.210896e+00 -1.733254e+00 -1.104386e+00 -3.903607e+00 -1.503677e+00 -1.186620e+00 -3.349583e+00  1.213839e+00  6.756333e-01  3.247311e+00 
-9.447679e+00 -3.939143e+00 -1.354756e+00  1.062515e+01  3.570282e+00  6.353009e-01  8.513434e+00  3.788177e+00  5.005997e-01 -9.143656e+00 -3.274159e+00 -1.290491e+00 -9.120866e+00 -3.898528e+00 -5.826027e-01  9.299275e+00  3.384609e+00  1.372290e+00  8.273399e+00  3.602405e+00  1.237793e+00 -8.999060e+00 -3.233642e+00 -5.181340e-01 
-3.665270e+00 -6.169771e+00 -7.874734e-01  3.570282e+00  5.948277e+00  3.433361e-01  3.541198e+00  5.248450e+00  3.204285e-01 -3.262559e+00 -4.934405e+00 -6.997642e-01 -3.660216e+00 -5.651768e+00 -3.629948e-01  3.381627e+00  4.886115e+00  7.422300e-01  3.352493e+00  5.271926e+00  7.194229e-01 -3.257556e+00 -4.598824e+00 -2.751850e-01 
-1.095149e+00 -6.735111e-01 -3.912758e+00  6.353009e-01  3.433361e-01  4.079881e+00  5.126016e-01  3.506654e-01  2.966551e+00 -1.060117e+00 -5.763784e-01 -3.322416e+00 -5.760318e-01 -3.823609e-01 -3.331708e+00  1.123406e+00  6.080121e-01  3.235824e+00  1.000848e+00  6.154033e-01  3.208273e+00 -5.408585e-01 -2.851664e-01 -2.923647e+00 
-8.077080e+00 -3.783667e+00 -1.125046e+00  8.513434e+00  3.541198e+00  5.126016e-01  8.497172e+00  3.646047e+00  4.024393e-01 -8.344036e+00 -3.242261e+00 -1.069596e+00 -7.814326e+00 -3.759403e+00 -4.708897e-01  8.434923e+00  3.355694e+00  1.137874e+00  7.006063e+00  3.460467e+00  1.027884e+00 -8.216152e+00 -3.218074e+00 -4.152678e-01 
-3.765573e+00 -6.179968e+00 -8.696489e-01  3.788177e+00  5.248450e+00  3.506654e-01  3.646047e+00  6.570662e+00  3.099259e-01 -3.456447e+00 -5.422078e+00 -7.854723e-01 -3.776233e+00 -5.732940e+00 -3.596359e-01  3.586664e+00  5.358302e+00  8.350575e-01  3.444503e+00  5.267704e+00  7.944428e-01 -3.467138e+00 -5.110132e+00 -2.753345e-01 
-8.948889e-01 -6.939390e-01 -3.373555e+00  5.005997e-01  3.204285e-01  2.966551e+00  4.024393e-01  3.099259e-01  3.796983e+00 -8.636878e-01 -6.086920e-01 -3.399317e+00 -4.547057e-01 -3.457418e-01 -2.907895e+00  9.158352e-01  6.444280e-01  3.284020e+00  8.177938e-01  6.340053e-01  2.701797e+00 -4.233856e-01 -2.604150e-01 -3.068584e+00 
 8.090181e+00  3.593833e+00  1.647554e+00 -9.143656e+00 -3.262559e+00 -1.060117e+00 -8.344036e+00 -3.456447e+00 -8.636878e-01  9.103913e+00  2.991714e+00  1.609354e+00  8.340754e+00  3.557470e+00  9.566621e-01 -8.526164e+00 -3.092826e+00 -1.702136e+00 -7.663312e+00 -3.286625e+00 -1.505899e+00  8.142319e+00  2.955440e+00  9.182702e-01 
 3.355473e+00  5.158396e+00  1.055247e+00 -3.274159e+00 -4.934405e+00 -5.763784e-01 -3.242261e+00 -5.422078e+00 -6.086920e-01  2.991714e+00  5.316310e+00  8.859491e-01  3.351591e+00  5.234510e+00  6.547074e-01 -3.101088e+00 -4.554462e+00 -9.318863e-01 -3.069145e+00 -4.978715e+00 -9.642781e-01  2.987877e+00  4.180444e+00  4.853309e-01 
 1.611478e+00  1.105974e+00  3.414704e+00 -1.290491e+00 -6.997642e-01 -3.322416e+00 -1.069596e+00 -7.854723e-01 -3.399317e+00  1.609354e+00  8.859491e-01  4.145958e+00  1.154579e+00  8.246289e-01  3.198244e+00 -1.694199e+00 -9.250701e-01 -3.370414e+00 -1.473442e+00 -1.010814e+00 -3.384086e+00  1.152318e+00  6.045684e-01  2.717326e+00 
 8.099370e+00  3.919310e+00  1.210879e+00 -9.120866e+00 -3.660216e+00 -5.760318e-01 -7.814326e+00 -3.776233e+00 -4.547057e-01  8.340754e+00  3.351591e+00  1.154579e+00  9.055185e+00  3.893131e+00  5.278073e-01 -9.081268e+00 -3.468569e+00 -1.227500e+00 -7.636220e+00 -3.584506e+00 -1.106355e+00  8.157370e+00  3.325492e+00  4.713265e-01 
 3.883190e+00  6.045470e+00  9.188457e-01 -3.898528e+00 -5.651768e+00 -3.823609e-01 -3.759403e+00 -5.732940e+00 -3.457418e-01  3.557470e+00  5.234510e+00  8.246289e-01  3.893131e+00  6.810451e+00  3.971398e-01 -3.691231e+00 -5.811893e+00 -8.759007e-01 -3.552073e+00 -5.754339e+00 -8.394077e-01  3.567445e+00  4.860509e+00  3.027968e-01 
 9.868192e-01  7.539399e-01  3.210896e+00 -5.826027e-01 -3.629948e-01 -3.331708e+00 -4.708897e-01 -3.596359e-01 -2.907895e+00  9.566621e-01  6.547074e-01  3.198244e+00  5.278073e-01  3.971398e-01  3.934972e+00 -1.013454e+00 -6.921317e-01 -3.725029e+00 -9.018667e-01 -6.888525e-01 -3.162655e+00  4.975249e-01  2.978277e-01  2.783175e+00 
-8.764047e+00 -3.729507e+00 -1.733254e+00  9.299275e+00  3.381627e+00  1.123406e+00  8.434923e+00  3.586664e+00  9.158352e-01 -8.526164e+00 -3.101088e+00 -1.694199e+00 -9.081268e+00 -3.691231e+00 -1.013454e+00  9.871330e+00  3.205748e+00  1.791618e+00  7.670468e+00  3.410692e+00  1.584247e+00 -8.904516e+00 -3.062905e+00 -9.741990e-01 
-3.473167e+00 -5.675694e+00 -1.104386e+00  3.384609e+00  4.886115e+00  6.080121e-01  3.355694e+00  5.358302e+00  6.444280e-01 -3.092826e+00 -4.554462e+00 -9.250701e-01 -3.468569e+00 -5.811893e+00 -6.921317e-01  3.205748e+00  5.707067e+00  9.726942e-01  3.176786e+00  4.842550e+00  1.009190e+00 -3.088276e+00 -4.751985e+00 -5.127363e-01 
-1.703223e+00 -1.165861e+00 -3.903607e+00  1.372290e+00  7.422300e-01  3.235824e+00  1.137874e+00  8.350575e-01  3.284020e+00 -1.702136e+00 -9.318863e-01 -3.370414e+00 -1.227500e+00 -8.759007e-01 -3.725029e+00  1.791618e+00  9.726942e-01  4.510237e+00  1.557346e+00  1.065557e+00  3.221929e+00 -1.226268e+00 -6.418904e-01 -3.252961e+00 
-7.378613e+00 -3.573999e+00 -1.503677e+00  8.273399e+00  3.352493e+00  1.000848e+00  7.006063e+00  3.444503e+00  8.177938e-01 -7.663312e+00 -3.069145e+00 -1.473442e+00 -7.636220e+00 -3.552073e+00 -9.018667e-01  7.670468e+00  3.176786e+00  1.557346e+00  7.662876e+00  3.268726e+00  1.374461e+00 -7.934661e+00 -3.047290e+00 -8.714627e-01 
-3.573393e+00 -5.670836e+00 -1.186620e+00  3.602405e+00  5.271926e+00  6.154033e-01  3.460467e+00  5.267704e+00  6.340053e-01 -3.286625e+00 -4.978715e+00 -1.010814e+00 -3.584506e+00 -5.754339e+00 -6.888525e-01  3.410692e+00  4.842550e+00  1.065557e+00  3.268726e+00  6.097870e+00  1.084263e+00 -3.297766e+00 -5.076161e+00 -5.129427e-01 
-1.503148e+00 -1.186403e+00 -3.349583e+00  1.237793e+00  7.194229e-01  3.208273e+00  1.027884e+00  7.944428e-01  2.701797e+00 -1.505899e+00 -9.642781e-01 -3.384086e+00 -1.106355e+00 -8.394077e-01 -3.162655e+00  1.584247e+00  1.009190e+00  3.221929e+00  1.374461e+00  1.084263e+00  3.975210e+00 -1.108984e+00 -6.172297e-01 -3.210887e+00 
 8.409285e+00  3.606054e+00  1.213839e+00 -8.999060e+00 -3.257556e+00 -5.408585e-01 -8.216152e+00 -3.467138e+00 -4.233856e-01  8.142319e+00  2.987877e+00  1.152318e+00  8.157370e+00  3.567445e+00  4.975249e-01 -8.904516e+00 -3.088276e+00 -1.226268e+00 -7.934661e+00 -3.297766e+00 -1.108984e+00  9.345415e+00  2.949359e+00  4.358154e-01 
 3.331620e+00  5.287386e+00  6.756333e-01 -3.233642e+00 -4.598824e+00 -2.851664e-01 -3.218074e+00 -5.110132e+00 -2.604150e-01  2.955440e+00  4.180444e+00  6.045684e-01  3.325492e+00  4.860509e+00  2.978277e-01 -3.062905e+00 -4.751985e+00 -6.418904e-01 -3.047290e+00 -5.076161e+00 -6.172297e-01  2.949359e+00  5.208763e+00  2.266720e-01 
 9.536514e-01  5.613988e-01  3.247311e+00 -5.181340e-01 -2.751850e-01 -2.923647e+00 -4.152678e-01 -2.753345e-01 -3.068584e+00  9.182702e-01  4.853309e-01  2.717326e+00  4.713265e-01  3.027968e-01  2.783175e+00 -9.741990e-01 -5.127363e-01 -3.252961e+00 -8.714627e-01 -5.129427e-01 -3.210887e+00  4.358154e-01  2.266720e-01  3.708266e+00 

 9.068582e+00  1.644461e+00  3.907120e+00 -9.447679e+00 -1.095149e+00 -3.665270e+00 -8.764047e+00 -1.703223e+00 -3.473167e+00  8.099370e+00  9.868192e-01  3.883190e+00  8.090181e+00  1.611478e+00  3.355473e+00 -8.077080e+00 -8.948889e-01 -3.765573e+00 -7.378613e+00 -1.503148e+00 -3.573393e+00  8.409285e+00  9.536514e-01  3.331620e+00 
 1.644461e+00  4.666591e+00  1.298401e+00 -1.354756e+00 -3.912758e+00 -7.874734e-01 -1.733254e+00 -3.903607e+00 -1.104386e+00  1.210879e+00  3.210896e+00  9.188457e-01  1.647554e+00  3.414704e+00  1.055247e+00 -1.125046e+00 -3.373555e+00 -8.696489e-01 -1.503677e+00 -3.349583e+00 -1.186620e+00  1.213839e+00  3.247311e+00  6.756333e-01 
 3.907120e+00  1.298401e+00  7.205016e+00 -3.939143e+00 -6.735111e-01 -6.169771e+00 -3.729507e+00 -1.165861e+00 -5.675694e+00  3.919310e+00  7.539399e-01  6.045470e+00  3.593833e+00  1.105974e+00  5.158396e+00 -3.783667e+00 -6.939390e-01 -6.179968e+00 -3.573999e+00 -1.186403e+00 -5.670836e+00  3.606054e+00  5.613988e-01  5.287386e+00 
-9.447679e+00 -1.354756e+00 -3.939143e+00  1.062515e+01  6.353009e-01  3.570282e+00  9.299275e+00  1.372290e+00  3.384609e+00 -9.120866e+00 -5.826027e-01 -3.898528e+00 -9.143656e+00 -1.290491e+00 -3.274159e+00  8.513434e+00  5.005997e-01  3.788177e+00  8.273399e+00  1.237793e+00  3.602405e+00 -8.999060e+00 -5.181340e-01 -3.233642e+00 
-1.095149e+00 -3.912758e+00 -6.735111e-01  6.353009e-01  4.079881e+00  3.433361e-01  1.123406e+00  3.235824e+00  6.080121e-01 -5.760318e-01 -3.331708e+00 -3.823609e-01 -1.060117e+00 -3.322416e+00 -5.763784e-01  5.126016e-01  2.966551e+00  3.506654e-01  1.000848e+00  3.208273e+00  6.154033e-01 -5.408585e-01 -2.923647e+00 -2.851664e-01 
-3.665270e+00 -7.874734e-01 -6.169771e+00  3.570282e+00  3.433361e-01  5.948277e+00  3.381627e+00  7.422300e-01  4.886115e+00 -3.660216e+00 -3.629948e-01 -5.651768e+00 -3.262559e+00 -6.997642e-01 -4.934405e+00  3.541198e+00  3.204285e-01  5.248450e+00  3.352493e+00  7.194229e-01  5.271926e+00 -3.257556e+00 -2.751850e-01 -4.598824e+00 
-8.764047e+00 -1.733254e+00 -3.729507e+00  9.299275e+00  1.123406e+00  3.381627e+00  9.871330e+00  1.791618e+00  3.205748e+00 -9.081268e+00 -1.013454e+00 -3.691231e+00 -8.526164e+00 -1.694199e+00 -3.101088e+00  8.434923e+00  9.158352e-01  3.586664e+00  7.670468e+00  1.584247e+00  3.410692e+00 -8.904516e+00 -9.741990e-01 -3.062905e+00 
-1.703223e+00 -3.903607e+00 -1.165861e+00  1.372290e+00  3.235824e+00  7.422300e-01  1.791618e+00  4.510237e+00  9.726942e-01 -1.227500e+00 -3.725029e+00 -8.759007e-01 -1.702136e+00 -3.370414e+00 -9.318863e-01  1.137874e+00  3.284020e+00  8.350575e-01  1.557346e+00  3.221929e+00  1.065557e+00 -1.226268e+00 -3.252961e+00 -6.418904e-01 
-3.473167e+00 -1.104386e+00 -5.675694e+00  3.384609e+00  6.080121e-01  4.886115e+00  3.205748e+00  9.726942e-01  5.707067e+00 -3.468569e+00 -6.921317e-01 -5.811893e+00 -3.092826e+00 -9.250701e-01 -4.554462e+00  3.355694e+00  6.444280e-01  5.358302e+00  3.176786e+00  1.009190e+00  4.842550e+00 -3.088276e+00 -5.127363e-01 -4.751985e+00 
 8.099370e+00  1.210879e+00  3.919310e+00 -9.120866e+00 -5.760318e-01 -3.660216e+00 -9.081268e+00 -1.227500e+00 -3.468569e+00  9.055185e+00  5.278073e-01  3.893131e+00  8.340754e+00  1.154579e+00  3.351591e+00 -7.814326e+00 -4.547057e-01 -3.776233e+00 -7.636220e+00 -1.106355e+00 -3.584506e+00  8.157370e+00  4.713265e-01  3.325492e+00 
 9.868192e-01  3.210896e+00  7.539399e-01 -5.826027e-01 -3.331708e+00 -3.629948e-01 -1.013454e+00 -3.725029e+00 -6.921317e-01  5.278073e-01  3.934972e+00  3.971398e-01  9.566621e-01  3.198244e+00  6.547074e-01 -4.708897e-01 -2.907895e+00 -3.596359e-01 -9.018667e-01 -3.162655e+00 -6.888525e-01  4.975249e-01  2.783175e+00  2.978277e-01 
 3.883190e+00  9.188457e-01  6.045470e+00 -3.898528e+00 -3.823609e-01 -5.651768e+00 -3.691231e+00 -8.759007e-01 -5.811893e+00  3.893131e+00  3.971398e-01  6.810451e+00  3.557470e+00  8.246289e-01  5.234510e+00 -3.759403e+00 -3.457418e-01 -5.732940e+00 -3.552073e+00 -8.394077e-01 -5.754339e+00  3.567445e+00  3.027968e-01  4.860509e+00 
 8.090181e+00  1.647554e+00  3.593833e+00 -9.143656e+00 -1.060117e+00 -3.262559e+00 -8.526164e+00 -1.702136e+00 -3.092826e+00  8.340754e+00  9.566621e-01  3.557470e+00  9.103913e+00  1.609354e+00  2.991714e+00 -8.344036e+00 -8.636878e-01 -3.456447e+00 -7.663312e+00 -1.505899e+00 -3.286625e+00  8.142319e+00  9.182702e-01  2.955440e+00 
 1.611478e+00  3.414704e+00  1.105974e+00 -1.290491e+00 -3.322416e+00 -6.997642e-01 -1.694199e+00 -3.370414e+00 -9.250701e-01  1.154579e+00  3.198244e+00  8.246289e-01  1.609354e+00  4.145958e+00  8.859491e-01 -1.069596e+00 -3.399317e+00 -7.854723e-01 -1.473442e+00 -3.384086e+00 -1.010814e+00  1.152318e+00  2.717326e+00  6.045684e-01 
 3.355473e+00  1.055247e+00  5.158396e+00 -3.274159e+00 -5.763784e-01 -4.934405e+00 -3.101088e+00 -9.318863e-01 -4.554462e+00  3.351591e+00  6.547074e-01  5.234510e+00  2.991714e+00  8.859491e-01  5.316310e+00 -3.242261e+00 -6.086920e-01 -5.422078e+00 -3.069145e+00 -9.642781e-01 -4.978715e+00  2.987877e+00  4.853309e-01  4.180444e+00 
-8.077080e+00 -1.125046e+00 -3.783667e+00  8.513434e+00  5.126016e-01  3.541198e+00  8.434923e+00  1.137874e+00  3.355694e+00 -7.814326e+00 -4.708897e-01 -3.759403e+00 -8.344036e+00 -1.069596e+00 -3.242261e+00  8.497172e+00  4.024393e-01  3.646047e+00  7.006063e+00  1.027884e+00  3.460467e+00 -8.216152e+00 -4.152678e-01 -3.218074e+00 
-8.948889e-01 -3.373555e+00 -6.939390e-01  5.005997e-01  2.966551e+00  3.204285e-01  9.158352e-01  3.284020e+00  6.444280e-01 -4.547057e-01 -2.907895e+00 -3.457418e-01 -8.636878e-01 -3.399317e+00 -6.086920e-01  4.024393e-01  3.796983e+00  3.099259e-01  8.177938e-01  2.701797e+00  6.340053e-01 -4.233856e-01 -3.068584e+00 -2.604150e-01 
-3.765573e+00 -8.696489e-01 -6.179968e+00  3.788177e+00  3.506654e-01  5.248450e+00  3.586664e+00  8.350575e-01  5.358302e+00 -3.776233e+00 -3.596359e-01 -5.732940e+00 -3.456447e+00 -7.854723e-01 -5.422078e+00  3.646047e+00  3.099259e-01  6.570662e+00  3.444503e+00  7.944428e-01  5.267704e+00 -3.467138e+00 -2.753345e-01 -5.110132e+00 
-7.378613e+00 -1.503677e+00 -3.573999e+00  8.273399e+00  1.000848e+00  3.352493e+00  7.670468e+00  1.557346e+00  3.176786e+00 -7.636220e+00 -9.018667e-01 -3.552073e+00 -7.663312e+00 -1.473442e+00 -3.069145e+00  7.006063e+00  8.177938e-01  3.444503e+00  7.662876e+00  1.374461e+00  3.268726e+00 -7.934661e+00 -8.714627e-01 -3.047290e+00 
-1.503148e+00 -3.349583e+00 -1.186403e+00  1.237793e+00  3.208273e+00  7.194229e-01  1.584247e+00  3.221929e+00  1.009190e+00 -1.106355e+00 -3.162655e+00 -8.394077e-01 -1.505899e+00 -3.384086e+00 -9.642781e-01  1.027884e+00  2.701797e+00  7.944428e-01  1.374461e+00  3.975210e+00  1.084263e+00 -1.108984e+00 -3.210887e+00 -6.172297e-01 
-3.573393e+00 -1.186620e+00 -5.670836e+00  3.602405e+00  6.154033e-01  5.271926e+00  3.410692e+00  1.065557e+00  4.842550e+00 -3.584506e+00 -6.888525e-01 -5.754339e+00 -3.286625e+00 -1.010814e+00 -4.978715e+00  3.460467e+00  6.340053e-01  5.267704e+00  3.268726e+00  1.084263e+00  6.097870e+00 -3.297766e+00 -5.129427e-01 -5.076161e+00 
 8.409285e+00  1.213839e+00  3.606054e+00 -8.999060e+00 -5.408585e-01 -3.257556e+00 -8.904516e+00 -1.226268e+00 -3.088276e+00  8.157370e+00  4.975249e-01  3.567445e+00  8.142319e+00  1.152318e+00  2.987877e+00 -8.216152e+00 -4.233856e-01 -3.467138e+00 -7.934661e+00 -1.108984e+00 -3.297766e+00  9.345415e+00  4.358154e-01  2.949359e+00 
 9.536514e-01  3.247311e+00  5.613988e-01 -5.181340e-01 -2.923647e+00 -2.751850e-01 -9.741990e-01 -3.252961e+00 -5.127363e-01  4.713265e-01  2.783175e+00  3.027968e-01  9.182702e-01  2.717326e+00  4.853309e-01 -4.152678e-01 -3.068584e+00 -2.753345e-01 -8.714627e-01 -3.210887e+00 -5.129427e-01  4.358154e-01  3.708266e+00  2.266720e-01 
 3.331620e+00  6.756333e-01  5.287386e+00 -3.233642e+00 -2.851664e-01 -4.598824e+00 -3.062905e+00 -6.418904e-01 -4.751985e+00  3.325492e+00  2.978277e-01  4.860509e+00  2.955440e+00  6.045684e-01  4.180444e+00 -3.218074e+00 -2.604150e-01 -5.110132e+00 -3.047290e+00 -6.172297e-01 -5.076161e+00  2.949359e+00  2.266720e-01  5.208763e+00 

 6.775065e+00  2.691083e+00  2.691083e+00 -7.302865e+00 -2.621678e+00 -2.621678e+00 -6.235359e+00 -2.712199e+00 -2.201623e+00  5.897726e+00  2.273763e+00  2.640082e+00  5.897726e+00  2.640082e+00  2.273763e+00 -6.235359e+00 -2.201623e+00 -2.712199e+00 -5.035148e+00 -2.292167e+00 -2.292167e+00  6.238214e+00  2.222739e+00  2.222739e+00 
 2.691083e+00  6.221032e+00  2.428287e+00 -2.911283e+00 -5.219096e+00 -1.816741e+00 -2.784612e+00 -5.290909e+00 -1.849373e+00  2.487582e+00  4.289637e+00  1.976993e+00  2.735754e+00  4.844120e+00  1.870383e+00 -2.438710e+00 -4.518070e+00 -1.997965e+00 -2.312053e+00 -4.457223e+00 -2.030635e+00  2.532238e+00  4.130509e+00  1.419051e+00 
 2.691083e+00  2.428287e+00  6.221032e+00 -2.911283e+00 -1.816741e+00 -5.219096e+00 -2.438710e+00 -1.997965e+00 -4.518070e+00  2.735754e+00  1.870383e+00  4.844120e+00  2.487582e+00  1.976993e+00  4.289637e+00 -2.784612e+00 -1.849373e+00 -5.290909e+00 -2.312053e+00 -2.030635e+00 -4.457223e+00  2.532238e+00  1.419051e+00  4.130509e+00 
-7.302865e+00 -2.911283e+00 -2.911283e+00  8.668712e+00  2.633221e+00  2.633221e+00  6.945274e+00  2.883374e+00  2.215603e+00 -7.022799e+00 -2.309954e+00 -2.789055e+00 -7.022799e+00 -2.789055e+00 -2.309954e+00  6.945274e+00  2.215603e+00  2.883374e+00  5.915345e+00  2.465788e+00  2.465788e+00 -7.126142e+00 -2.187694e+00 -2.187694e+00 
-2.621678e+00 -5.219096e+00 -1.816741e+00  2.633221e+00  4.926529e+00  1.359208e+00  2.662042e+00  4.417046e+00  1.383622e+00 -2.273564e+00 -3.998065e+00 -1.479102e+00 -2.598143e+00 -4.412906e+00 -1.399341e+00  2.209644e+00  3.838841e+00  1.494792e+00  2.238486e+00  4.022901e+00  1.519235e+00 -2.250008e+00 -3.575250e+00 -1.061673e+00 
-2.621678e+00 -1.816741e+00 -5.219096e+00  2.633221e+00  1.359208e+00  4.926529e+00  2.209644e+00  1.494792e+00  3.838841e+00 -2.598143e+00 -1.399341e+00 -4.412906e+00 -2.273564e+00 -1.479102e+00 -3.998065e+00  2.662042e+00  1.383622e+00  4.417046e+00  2.238486e+00  1.519235e+00  4.022901e+00 -2.250008e+00 -1.061673e+00 -3.575250e+00 
-6.235359e+00 -2.784612e+00 -2.438710e+00  6.945274e+00  2.662042e+00  2.209644e+00  6.963842e+00  2.793771e+00  1.859116e+00 -6.484999e+00 -2.315316e+00 -2.337597e+00 -6.014667e+00 -2.715072e+00 -1.937842e+00  6.339826e+00  2.236591e+00  2.416296e+00  5.005761e+00  2.368347e+00  2.065795e+00 -6.519679e+00 -2.245750e+00 -1.836702e+00 
-2.712199e+00 -5.290909e+00 -1.997965e+00  2.883374e+00  4.417046e+00  1.494792e+00  2.793771e+00  5.609882e+00  1.462423e+00 -2.469630e+00 -4.499703e+00 -1.669133e+00 -2.740454e+00 -4.556864e+00 -1.496442e+00  2.416296e+00  4.250646e+00  1.703120e+00  2.326710e+00  4.090890e+00  1.670782e+00 -2.497868e+00 -4.020988e+00 -1.167578e+00 
-2.201623e+00 -1.849373e+00 -4.518070e+00  2.215603e+00  1.383622e+00  3.838841e+00  1.859116e+00  1.462423e+00  4.385409e+00 -2.183275e+00 -1.466963e+00 -4.326717e+00 -1.912450e+00 -1.463182e+00 -3.505364e+00  2.236591e+00  1.467693e+00  4.250646e+00  1.880122e+00  1.546523e+00  3.444610e+00 -1.894084e+00 -1.080743e+00 -3.569354e+00 
 5.897726e+00  2.487582e+00  2.735754e+00 -7.022799e+00 -2.273564e+00 -2.598143e+00 -6.484999e+00 -2.469630e+00 -2.183275e+00  6.697514e+00  1.991175e+00  2.661755e+00  6.087303e+00  2.390931e+00  2.262000e+00 -6.014667e+00 -1.912450e+00 -2.740454e+00 -5.213387e+00 -2.108542e+00 -2.325612e+00  6.053309e+00  1.894497e+00  2.187974e+00 
 2.273763e+00  4.289637e+00  1.870383e+00 -2.309954e+00 -3.998065e+00 -1.399341e+00 -2.315316e+00 -4.499703e+00 -1.466963e+00  1.991175e+00  4.262253e+00  1.492292e+00  2.262000e+00  4.027997e+00  1.471142e+00 -1.937842e+00 -3.505364e+00 -1.496442e+00 -1.943221e+00 -3.743554e+00 -1.564093e+00  1.979395e+00  3.166800e+00  1.093021e+00 
 2.640082e+00  1.976993e+00  4.844120e+00 -2.789055e+00 -1.479102e+00 -4.412906e+00 -2.337597e+00 -1.669133e+00 -4.326717e+00  2.661755e+00  1.492292e+00  5.140776e+00  2.390931e+00  1.640054e+00  4.027997e+00 -2.715072e+00 -1.463182e+00 -4.556864e+00 -2.263631e+00 -1.653244e+00 -4.207236e+00  2.412587e+00  1.155322e+00  3.490831e+00 
 5.897726e+00  2.735754e+00  2.487582e+00 -7.022799e+00 -2.598143e+00 -2.273564e+00 -6.014667e+00 -2.740454e+00 -1.912450e+00  6.087303e+00  2.262000e+00  2.390931e+00  6.697514e+00  2.661755e+00  1.991175e+00 -6.484999e+00 -2.183275e+00 -2.469630e+00 -5.213387e+00 -2.325612e+00 -2.108542e+00  6.053309e+00  2.187974e+00  1.894497e+00 
 2.640082e+00  4.844120e+00  1.976993e+00 -2.789055e+00 -4.412906e+00 -1.479102e+00 -2.715072e+00 -4.556864e+00 -1.463182e+00  2.390931e+00  4.027997e+00  1.640054e+00  2.661755e+00  5.140776e+00  1.492292e+00 -2.337597e+00 -4.326717e+00 -1.669133e+00 -2.263631e+00 -4.207236e+00 -1.653244e+00  2.412587e+00  3.490831e+00  1.155322e+00 
 2.273763e+00  1.870383e+00  4.289637e+00 -2.309954e+00 -1.399341e+00 -3.998065e+00 -1.937842e+00 -1.496442e+00 -3.505364e+00  2.262000e+00  1.471142e+00  4.027997e+00  1.991175e+00  1.492292e+00  4.262253e+00 -2.315316e+00 -1.466963e+00 -4.499703e+00 -1.943221e+00 -1.564093e+00 -3.743554e+00  1.979395e+00  1.093021e+00  3.166800e+00 
-6.235359e+00 -2.438710e+00 -2.784612e+00  6.945274e+00  2.209644e+00  2.662042e+00  6.339826e+00  2.416296e+00  2.236591e+00 -6.014667e+00 -1.937842e+00 -2.715072e+00 -6.484999e+00 -2.337597e+00 -2.315316e+00  6.963842e+00  1.859116e+00  2.793771e+00  5.005761e+00  2.065795e+00  2.368347e+00 -6.519679e+00 -1.836702e+00 -2.245750e+00 
-2.201623e+00 -4.518070e+00 -1.849373e+00  2.215603e+00  3.838841e+00  1.383622e+00  2.236591e+00  4.250646e+00  1.467693e+00 -1.912450e+00 -3.505364e+00 -1.463182e+00 -2.183275e+00 -4.326717e+00 -1.466963e+00  1.859116e+00  4.385409e+00  1.462423e+00  1.880122e+00  3.444610e+00  1.546523e+00 -1.894084e+00 -3.569354e+00 -1.080743e+00 
-2.712199e+00 -1.997965e+00 -5.290909e+00  2.883374e+00  1.494792e+00  4.417046e+00  2.416296e+00  1.703120e+00  4.250646e+00 -2.740454e+00 -1.496442e+00 -4.556864e+00 -2.469630e+00 -1.669133e+00 -4.499703e+00  2.793771e+00  1.462423e+00  5.609882e+00  2.326710e+00  1.670782e+00  4.090890e+00 -2.497868e+00 -1.167578e+00 -4.020988e+00 
-5.035148e+00 -2.312053e+00 -2.312053e+00  5.915345e+00  2.238486e+00  2.238486e+00  5.005761e+00  2.326710e+00  1.880122e+00 -5.213387e+00 -1.943221e+00 -2.263631e+00 -5.213387e+00 -2.263631e+00 -1.943221e+00  5.005761e+00  1.880122e+00  2.326710e+00  5.054005e+00  1.968366e+00  1.968366e+00 -5.518948e+00 -1.894778e+00 -1.894778e+00 
-2.292167e+00 -4.457223e+00 -2.030635e+00  2.465788e+00  4.022901e+00  1.519235e+00  2.368347e+00  4.090890e+00  1.546523e+00 -2.108542e+00 -3.743554e+00 -1.653244e+00 -2.325612e+00 -4.207236e+00 -1.564093e+00  2.065795e+00  3.444610e+00  1.670782e+00  1.968366e+00  4.470464e+00  1.698103e+00 -2.141974e+00 -3.620852e+00 -1.186670e+00 
-2.292167e+00 -2.030635e+00 -4.457223e+00  2.465788e+00  1.519235e+00  4.022901e+00  2.065795e+00  1.670782e+00  3.444610e+00 -2.325612e+00 -1.564093e+00 -4.207236e+00 -2.108542e+00 -1.653244e+00 -3.743554e+00  2.368347e+00  1.546523e+00  4.090890e+00  1.968366e+00  1.698103e+00  4.470464e+00 -2.141974e+00 -1.186670e+00 -3.620852e+00 
 6.238214e+00  2.532238e+00  2.532238e+00 -7.126142e+00 -2.250008e+00 -2.250008e+00 -6.519679e+00 -2.497868e+00 -1.894084e+00  6.053309e+00  1.979395e+00  2.412587e+00  6.053309e+00  2.412587e+00  1.979395e+00 -6.519679e+00 -1.894084e+00 -2.497868e+00 -5.518948e+00 -2.141974e+00 -2.141974e+00  7.339615e+00  1.859714e+00  1.859714e+00 
 2.222739e+00  4.130509e+00  1.419051e+00 -2.187694e+00 -3.575250e+00 -1.061673e+00 -2.245750e+00 -4.020988e+00 -1.080743e+00  1.894497e+00  3.166800e+00  1.155322e+00  2.187974e+00  3.490831e+00  1.093021e+00 -1.836702e+00 -3.569354e+00 -1.167578e+00 -1.894778e+00 -3.620852e+00 -1.186670e+00  1.859714e+00  3.998304e+00  8.292699e-01 
 2.222739e+00  1.419051e+00  4.130509e+00 -2.187694e+00 -1.061673e+00 -3.575250e+00 -1.836702e+00 -1.167578e+00 -3.569354e+00  2.187974e+00  1.093021e+00  3.490831e+00  1.894497e+00  1.155322e+00  3.166800e+00 -2.245750e+00 -1.080743e+00 -4.020988e+00 -1.894778e+00 -1.186670e+00 -3.620852e+00  1.859714e+00  8.292699e-01  3.998304e+00 

 5.316310e+00  8.859491e-01  2.991714e+00 -5.422078e+00 -6.086920e-01 -3.242261e+00 -4.978715e+00 -9.642781e-01 -3.069145e+00  4.180444e+00  4.853309e-01  2.987877e+00  5.158396e+00  1.055247e+00  3.355473e+00 -4.934405e+00 -5.763784e-01 -3.274159e+00 -4.554462e+00 -9.318863e-01 -3.101088e+00  5.234510e+00  6.547074e-01  3.351591e+00 
 8.859491e-01  4.145958e+00  1.609354e+00 -7.854723e-01 -3.399317e+00 -1.069596e+00 -1.010814e+00 -3.384086e+00 -1.473442e+00  6.045684e-01  2.717326e+00  1.152318e+00  1.105974e+00  3.414704e+00  1.611478e+00 -6.997642e-01 -3.322416e+00 -1.290491e+00 -9.250701e-01 -3.370414e+00 -1.694199e+00  8.246289e-01  3.198244e+00  1.154579e+00 
 2.991714e+00  1.609354e+00  9.103913e+00 -3.456447e+00 -8.636878e-01 -8.344036e+00 -3.286625e+00 -1.505899e+00 -7.663312e+00  2.955440e+00  9.182702e-01  8.142319e+00  3.593833e+00  1.647554e+00  8.090181e+00 -3.262559e+00 -1.060117e+00 -9.143656e+00 -3.092826e+00 -1.702136e+00 -8.526164e+00  3.557470e+00  9.566621e-01  8.340754e+00 
-5.422078e+00 -7.854723e-01 -3.456447e+00  6.570662e+00  3.099259e-01  3.646047e+00  5.267704e+00  7.944428e-01  3.444503e+00 -5.110132e+00 -2.753345e-01 -3.467138e+00 -6.179968e+00 -8.696489e-01 -3.765573e+00  5.248450e+00  3.506654e-01  3.788177e+00  5.358302e+00  8.350575e-01  3.586664e+00 -5.732940e+00 -3.596359e-01 -3.776233e+00 
-6.086920e-01 -3.399317e+00 -8.636878e-01  3.099259e-01  3.796983e+00  4.024393e-01  6.340053e-01  2.701797e+00  8.177938e-01 -2.604150e-01 -3.068584e+00 -4.233856e-01 -6.939390e-01 -3.373555e+00 -8.948889e-01  3.204285e-01  2.966551e+00  5.005997e-01  6.444280e-01  3.284020e+00  9.158352e-01 -3.457418e-01 -2.907895e+00 -4.547057e-01 
-3.242261e+00 -1.069596e+00 -8.344036e+00  3.646047e+00  4.024393e-01  8.497172e+00  3.460467e+00  1.027884e+00  7.006063e+00 -3.218074e+00 -4.152678e-01 -8.216152e+00 -3.783667e+00 -1.125046e+00 -8.077080e+00  3.541198e+00  5.126016e-01  8.513434e+00  3.355694e+00  1.137874e+00  8.434923e+00 -3.759403e+00 -4.708897e-01 -7.814326e+00 
-4.978715e+00 -1.010814e+00 -3.286625e+00  5.267704e+00  6.340053e-01  3.460467e+00  6.097870e+00  1.084263e+00  3.268726e+00 -5.076161e+00 -5.129427e-01 -3.297766e+00 -5.670836e+00 -1.186620e+00 -3.573393e+00  5.271926e+00  6.154033e-01  3.602405e+00  4.842550e+00  1.065557e+00  3.410692e+00 -5.754339e+00 -6.888525e-01 -3.584506e+00 
-9.642781e-01 -3.384086e+00 -1.505899e+00  7.944428e-01  2.701797e+00  1.027884e+00  1.084263e+00  3.975210e+00  1.374461e+00 -6.172297e-01 -3.210887e+00 -1.108984e+00 -1.186403e+00 -3.349583e+00 -1.503148e+00  7.194229e-01  3.208273e+00  1.237793e+00  1.009190e+00  3.221929e+00  1.584247e+00 -8.394077e-01 -3.162655e+00 -1.106355e+00 
-3.069145e+00 -1.473442e+00 -7.663312e+00  3.444503e+00  8.177938e-01  7.006063e+00  3.268726e+00  1.374461e+00  7.662876e+00 -3.047290e+00 -8.714627e-01 -7.934661e+00 -3.573999e+00 -1.503677e+00 -7.378613e+00  3.352493e+00  1.000848e+00  8.273399e+00  3.176786e+00  1.557346e+00  7.670468e+00 -3.552073e+00 -9.018667e-01 -7.636220e+00 
 4.180444e+00  6.045684e-01  2.955440e+00 -5.110132e+00 -2.604150e-01 -3.218074e+00 -5.076161e+00 -6.172297e-01 -3.047290e+00  5.208763e+00  2.266720e-01  2.949359e+00  5.287386e+00  6.756333e-01  3.331620e+00 -4.598824e+00 -2.851664e-01 -3.233642e+00 -4.751985e+00 -6.418904e-01 -3.062905e+00  4.860509e+00  2.978277e-01  3.325492e+00 
 4.853309e-01  2.717326e+00  9.182702e-01 -2.753345e-01 -3.068584e+00 -4.152678e-01 -5.129427e-01 -3.210887e+00 -8.714627e-01  2.266720e-01  3.708266e+00  4.358154e-01  5.613988e-01  3.247311e+00  9.536514e-01 -2.751850e-01 -2.923647e+00 -5.181340e-01 -5.127363e-01 -3.252961e+00 -9.741990e-01  3.027968e-01  2.783175e+00  4.713265e-01 
 2.987877e+00  1.152318e+00  8.142319e+00 -3.467138e+00 -4.233856e-01 -8.216152e+00 -3.297766e+00 -1.108984e+00 -7.934661e+00  2.949359e+00  4.358154e-01  9.345415e+00  3.606054e+00  1.213839e+00  8.409285e+00 -3.257556e+00 -5.408585e-01 -8.999060e+00 -3.088276e+00 -1.226268e+00 -8.904516e+00  3.567445e+00  4.975249e-01  8.157370e+00 
 5.158396e+00  1.105974e+00  3.593833e+00 -6.179968e+00 -6.939390e-01 -3.783667e+00 -5.670836e+00 -1.186403e+00 -3.573999e+00  5.287386e+00  5.613988e-01  3.606054e+00  7.205016e+00  1.298401e+00  3.907120e+00 -6.169771e+00 -6.735111e-01 -3.939143e+00 -5.675694e+00 -1.165861e+00 -3.729507e+00  6.045470e+00  7.539399e-01  3.919310e+00 
 1.055247e+00  3.414704e+00  1.647554e+00 -8.696489e-01 -3.373555e+00 -1.125046e+00 -1.186620e+00 -3.349583e+00 -1.503677e+00  6.756333e-01  3.247311e+00  1.213839e+00  1.298401e+00  4.666591e+00  1.644461e+00 -7.874734e-01 -3.912758e+00 -1.354756e+00 -1.104386e+00 -3.903607e+00 -1.733254e+00  9.188457e-01  3.210896e+00  1.210879e+00 
 3.355473e+00  1.611478e+00  8.090181e+00 -3.765573e+00 -8.948889e-01 -8.077080e+00 -3.573393e+00 -1.503148e+00 -7.378613e+00  3.331620e+00  9.536514e-01  8.409285e+00  3.907120e+00  1.644461e+00  9.068582e+00 -3.665270e+00 -1.095149e+00 -9.447679e+00 -3.473167e+00 -1.703223e+00 -8.764047e+00  3.883190e+00  9.868192e-01  8.099370e+00 
-4.934405e+00 -6.997642e-01 -3.262559e+00  5.248450e+00  3.204285e-01  3.541198e+00  5.271926e+00  7.194229e-01  3.352493e+00 -4.598824e+00 -2.751850e-01 -3.257556e+00 -6.169771e+00 -7.874734e-01 -3.665270e+00  5.948277e+00  3.433361e-01  3.570282e+00  4.886115e+00  7.422300e-01  3.381627e+00 -5.651768e+00 -3.629948e-01 -3.660216e+00 
-5.763784e-01 -3.322416e+00 -1.060117e+00  3.506654e-01  2.966551e+00  5.126016e-01  6.154033e-01  3.208273e+00  1.000848e+00 -2.851664e-01 -2.923647e+00 -5.408585e-01 -6.735111e-01 -3.912758e+00 -1.095149e+00  3.433361e-01  4.079881e+00  6.353009e-01  6.080121e-01  3.235824e+00  1.123406e+00 -3.823609e-01 -3.331708e+00 -5.760318e-01 
-3.274159e+00 -1.290491e+00 -9.143656e+00  3.788177e+00  5.005997e-01  8.513434e+00  3.602405e+00  1.237793e+00  8.273399e+00 -3.233642e+00 -5.181340e-01 -8.999060e+00 -3.939143e+00 -1.354756e+00 -9.447679e+00  3.570282e+00  6.353009e-01  1.062515e+01  3.384609e+00  1.372290e+00  9.299275e+00 -3.898528e+00 -5.826027e-01 -9.120866e+00 
-4.554462e+00 -9.250701e-01 -3.092826e+00  5.358302e+00  6.444280e-01  3.355694e+00  4.842550e+00  1.009190e+00  3.176786e+00 -4.751985e+00 -5.127363e-01 -3.088276e+00 -5.675694e+00 -1.104386e+00 -3.473167e+00  4.886115e+00  6.080121e-01  3.384609e+00  5.707067e+00  9.726942e-01  3.205748e+00 -5.811893e+00 -6.921317e-01 -3.468569e+00 
-9.318863e-01 -3.370414e+00 -1.702136e+00  8.350575e-01  3.284020e+00  1.137874e+00  1.065557e+00  3.221929e+00  1.557346e+00 -6.418904e-01 -3.252961e+00 -1.226268e+00 -1.165861e+00 -3.903607e+00 -1.703223e+00  7.422300e-01  3.235824e+00  1.372290e+00  9.726942e-01  4.510237e+00  1.791618e+00 -8.759007e-01 -3.725029e+00 -1.227500e+00 
-3.101088e+00 -1.694199e+00 -8.526164e+00  3.586664e+00  9.158352e-01  8.434923e+00  3.410692e+00  1.584247e+00  7.670468e+00 -3.062905e+00 -9.741990e-01 -8.904516e+00 -3.729507e+00 -1.733254e+00 -8.764047e+00  3.381627e+00  1.123406e+00  9.299275e+00  3.205748e+00  1.791618e+00  9.871330e+00 -3.691231e+00 -1.013454e+00 -9.081268e+00 
 5.234510e+00  8.246289e-01  3.557470e+00 -5.732940e+00 -3.457418e-01 -3.759403e+00 -5.754339e+00 -8.394077e-01 -3.552073e+00  4.860509e+00  3.027968e-01  3.567445e+00  6.045470e+00  9.188457e-01  3.883190e+00 -5.651768e+00 -3.823609e-01 -3.898528e+00 -5.811893e+00 -8.759007e-01 -3.691231e+00  6.810451e+00  3.971398e-01  3.893131e+00 
