 2.924109e-01  1.191609e-01  1.191609e-01 -8.547336e-02  2.291086e-02  2.291086e-02 -1.672859e-01 -1.191609e-01  2.291086e-02  1.528484e-01 -2.291086e-02  1.191609e-01  1.528484e-01  1.191609e-01 -2.291086e-02 -1.672859e-01  2.291086e-02 -1.191609e-01 -2.490984e-01 -1.191609e-01 -1.191609e-01  7.103586e-02 -2.291086e-02 -2.291086e-02 
 1.191609e-01  2.924109e-01  1.191609e-01 -2.291086e-02  1.528484e-01  1.191609e-01 -1.191609e-01 -1.672859e-01  2.291086e-02  2.291086e-02 -8.547336e-02  2.291086e-02  1.191609e-01  1.528484e-01 -2.291086e-02 -2.291086e-02  7.103586e-02 -2.291086e-02 -1.191609e-01 -2.490984e-01 -1.191609e-01  2.291086e-02 -1.672859e-01 -1.191609e-01 
 1.191609e-01  1.191609e-01  2.924109e-01 -2.291086e-02  1.191609e-01  1.528484e-01 -2.291086e-02 -2.291086e-02  7.103586e-02  1.191609e-01 -2.291086e-02  1.528484e-01  2.291086e-02  2.291086e-02 -8.547336e-02 -1.191609e-01  2.291086e-02 -1.672859e-01 -1.191609e-01 -1.191609e-01 -2.490984e-01  2.291086e-02 -1.191609e-01 -1.672859e-01 
-8.547336e-02 -2.291086e-02 -2.291086e-02  2.924109e-01 -1.191609e-01 -1.191609e-01  1.528484e-01  2.291086e-02 -1.191609e-01 -1.672859e-01  1.191609e-01 -2.291086e-02 -1.672859e-01 -2.291086e-02  1.191609e-01  1.528484e-01 -1.191609e-01  2.291086e-02  7.103586e-02  2.291086e-02  2.291086e-02 -2.490984e-01  1.191609e-01  1.191609e-01 
 2.291086e-02  1.528484e-01  1.191609e-01 -1.191609e-01  2.924109e-01  1.191609e-01 -2.291086e-02 -8.547336e-02  2.291086e-02  1.191609e-01 -1.672859e-01  2.291086e-02  2.291086e-02  7.103586e-02 -2.291086e-02 -1.191609e-01  1.528484e-01 -2.291086e-02 -2.291086e-02 -1.672859e-01 -1.191609e-01  1.191609e-01 -2.490984e-01 -1.191609e-01 
 2.291086e-02  1.191609e-01  1.528484e-01 -1.191609e-01  1.191609e-01  2.924109e-01 -1.191609e-01 -2.291086e-02  1.528484e-01  2.291086e-02 -2.291086e-02  7.103586e-02  1.191609e-01  2.291086e-02 -1.672859e-01 -2.291086e-02  2.291086e-02 -8.547336e-02 -2.291086e-02 -1.191609e-01 -1.672859e-01  1.191609e-01 -1.191609e-01 -2.490984e-01 
-1.672859e-01 -1.191609e-01 -2.291086e-02  1.528484e-01 -2.291086e-02 -1.191609e-01  2.924109e-01  1.191609e-01 -1.191609e-01 -8.547336e-02  2.291086e-02 -2.291086e-02 -2.490984e-01 -1.191609e-01  1.191609e-01  7.103586e-02 -2.291086e-02  2.291086e-02  1.528484e-01  1.191609e-01  2.291086e-02 -1.672859e-01  2.291086e-02  1.191609e-01 
-1.191609e-01 -1.672859e-01 -2.291086e-02  2.291086e-02 -8.547336e-02 -2.291086e-02  1.191609e-01  2.924109e-01 -1.191609e-01 -2.291086e-02  1.528484e-01 -1.191609e-01 -1.191609e-01 -2.490984e-01  1.191609e-01  2.291086e-02 -1.672859e-01  1.191609e-01  1.191609e-01  1.528484e-01  2.291086e-02 -2.291086e-02  7.103586e-02  2.291086e-02 
 2.291086e-02  2.291086e-02  7.103586e-02 -1.191609e-01  2.291086e-02  1.528484e-01 -1.191609e-01 -1.191609e-01  2.924109e-01  2.291086e-02 -1.191609e-01  1.528484e-01  1.191609e-01  1.191609e-01 -2.490984e-01 -2.291086e-02  1.191609e-01 -1.672859e-01 -2.291086e-02 -2.291086e-02 -8.547336e-02  1.191609e-01 -2.291086e-02 -1.672859e-01 
 1.528484e-01  2.291086e-02  1.191609e-01 -1.672859e-01  1.191609e-01  2.291086e-02 -8.547336e-02 -2.291086e-02  2.291086e-02  2.924109e-01 -1.191609e-01  1.191609e-01  7.103586e-02  2.291086e-02 -2.291086e-02 -2.490984e-01  1.191609e-01 -1.191609e-01 -1.672859e-01 -2.291086e-02 -1.191609e-01  1.528484e-01 -1.191609e-01 -2.291086e-02 
-2.291086e-02 -8.547336e-02 -2.291086e-02  1.191609e-01 -1.672859e-01 -2.291086e-02  2.291086e-02  1.528484e-01 -1.191609e-01 -1.191609e-01  2.924109e-01 -1.191609e-01 -2.291086e-02 -1.672859e-01  1.191609e-01  1.191609e-01 -2.490984e-01  1.191609e-01  2.291086e-02  7.103586e-02  2.291086e-02 -1.191609e-01  1.528484e-01  2.291086e-02 
 1.191609e-01  2.291086e-02  1.528484e-01 -2.291086e-02  2.291086e-02  7.103586e-02 -2.291086e-02 -1.191609e-01  1.528484e-01  1.191609e-01 -1.191609e-01  2.924109e-01  2.291086e-02  1.191609e-01 -1.672859e-01 -1.191609e-01  1.191609e-01 -2.490984e-01 -1.191609e-01 -2.291086e-02 -1.672859e-01  2.291086e-02 -2.291086e-02 -8.547336e-02 
 1.528484e-01  1.191609e-01  2.291086e-02 -1.672859e-01  2.291086e-02  1.191609e-01 -2.490984e-01 -1.191609e-01  1.191609e-01  7.103586e-02 -2.291086e-02  2.291086e-02  2.924109e-01  1.191609e-01 -1.191609e-01 -8.547336e-02  2.291086e-02 -2.291086e-02 -1.672859e-01 -1.191609e-01 -2.291086e-02  1.528484e-01 -2.291086e-02 -1.191609e-01 
 1.191609e-01  1.528484e-01  2.291086e-02 -2.291086e-02  7.103586e-02  2.291086e-02 -1.191609e-01 -2.490984e-01  1.191609e-01  2.291086e-02 -1.672859e-01  1.191609e-01  1.191609e-01  2.924109e-01 -1.191609e-01 -2.291086e-02  1.528484e-01 -1.191609e-01 -1.191609e-01 -1.672859e-01 -2.291086e-02  2.291086e-02 -8.547336e-02 -2.291086e-02 
-2.291086e-02 -2.291086e-02 -8.547336e-02  1.191609e-01 -2.291086e-02 -1.672859e-01  1.191609e-01  1.191609e-01 -2.490984e-01 -2.291086e-02  1.191609e-01 -1.672859e-01 -1.191609e-01 -1.191609e-01  2.924109e-01  2.291086e-02 -1.191609e-01  1.528484e-01  2.291086e-02  2.291086e-02  7.103586e-02 -1.191609e-01  2.291086e-02  1.528484e-01 
-1.672859e-01 -2.291086e-02 -1.191609e-01  1.528484e-01 -1.191609e-01 -2.291086e-02  7.103586e-02  2.291086e-02 -2.291086e-02 -2.490984e-01  1.191609e-01 -1.191609e-01 -8.547336e-02 -2.291086e-02  2.291086e-02  2.924109e-01 -1.191609e-01  1.191609e-01  1.528484e-01  2.291086e-02  1.191609e-01 -1.672859e-01  1.191609e-01  2.291086e-02 
 2.291086e-02  7.103586e-02  2.291086e-02 -1.191609e-01  1.528484e-01  2.291086e-02 -2.291086e-02 -1.672859e-01  1.191609e-01  1.191609e-01 -2.490984e-01  1.191609e-01  2.291086e-02  1.528484e-01 -1.191609e-01 -1.191609e-01  2.924109e-01 -1.191609e-01 -2.291086e-02 -8.547336e-02 -2.291086e-02  1.191609e-01 -1.672859e-01 -2.291086e-02 
-1.191609e-01 -2.291086e-02 -1.672859e-01  2.291086e-02 -2.291086e-02 -8.547336e-02  2.291086e-02  1.191609e-01 -1.672859e-01 -1.191609e-01  1.191609e-01 -2.490984e-01 -2.291086e-02 -1.191609e-01  1.528484e-01  1.191609e-01 -1.191609e-01  2.924109e-01  1.191609e-01  2.291086e-02  1.528484e-01 -2.291086e-02  2.291086e-02  7.103586e-02 
-2.490984e-01 -1.191609e-01 -1.191609e-01  7.103586e-02 -2.291086e-02 -2.291086e-02  1.528484e-01  1.191609e-01 -2.291086e-02 -1.672859e-01  2.291086e-02 -1.191609e-01 -1.672859e-01 -1.191609e-01  2.291086e-02  1.528484e-01 -2.291086e-02  1.191609e-01  2.924109e-01  1.191609e-01  1.191609e-01 -8.547336e-02  2.291086e-02  2.291086e-02 
-1.191609e-01 -2.490984e-01 -1.191609e-01  2.291086e-02 -1.672859e-01 -1.191609e-01  1.191609e-01  1.528484e-01 -2.291086e-02 -2.291086e-02  7.103586e-02 -2.291086e-02 -1.191609e-01 -1.672859e-01  2.291086e-02  2.291086e-02 -8.547336e-02  2.291086e-02  1.191609e-01  2.924109e-01  1.191609e-01 -2.291086e-02  1.528484e-01  1.191609e-01 
-1.191609e-01 -1.191609e-01 -2.490984e-01  2.291086e-02 -1.191609e-01 -1.672859e-01  2.291086e-02  2.291086e-02 -8.547336e-02 -1.191609e-01  2.291086e-02 -1.672859e-01 -2.291086e-02 -2.291086e-02  7.103586e-02  1.191609e-01 -2.291086e-02  1.528484e-01  1.191609e-01  1.191609e-01  2.924109e-01 -2.291086e-02  1.191609e-01  1.528484e-01 
 7.103586e-02  2.291086e-02  2.291086e-02 -2.490984e-01  1.191609e-01  1.191609e-01 -1.672859e-01 -2.291086e-02  1.191609e-01  1.528484e-01 -1.191609e-01  2.291086e-02  1.528484e-01  2.291086e-02 -1.191609e-01 -1.672859e-01  1.191609e-01 -2.291086e-02 -8.547336e-02 -2.291086e-02 -2.291086e-02  2.924109e-01 -1.191609e-01 -1.191609e-01 
-2.291086e-02 -1.672859e-01 -1.191609e-01  1.191609e-01 -2.490984e-01 -1.191609e-01  2.291086e-02  7.103586e-02 -2.291086e-02 -1.191609e-01  1.528484e-01 -2.291086e-02 -2.291086e-02 -8.547336e-02  2.291086e-02  1.191609e-01 -1.672859e-01  2.291086e-02  2.291086e-02  1.528484e-01  1.191609e-01 -1.191609e-01  2.924109e-01  1.191609e-01 
-2.291086e-02 -1.191609e-01 -1.672859e-01  1.191609e-01 -1.191609e-01 -2.490984e-01  1.191609e-01  2.291086e-02 -1.672859e-01 -2.291086e-02  2.291086e-02 -8.547336e-02 -1.191609e-01 -2.291086e-02  1.528484e-01  2.291086e-02 -2.291086e-02  7.103586e-02  2.291086e-02  1.191609e-01  1.528484e-01 -1.191609e-01  1.191609e-01  2.924109e-01 

 2.924109e-01  1.191609e-01  1.191609e-01 -8.547336e-02  2.291086e-02  2.291086e-02 -1.672859e-01 -1.191609e-01  2.291086e-02  1.528484e-01 -2.291086e-02  1.191609e-01  1.528484e-01  1.191609e-01 -2.291086e-02 -1.672859e-01  2.291086e-02 -1.191609e-01 -2.490984e-01 -1.191609e-01 -1.191609e-01  7.103586e-02 -2.291086e-02 -2.291086e-02 
 1.191609e-01  2.924109e-01  1.191609e-01 -2.291086e-02  1.528484e-01  1.191609e-01 -1.191609e-01 -1.672859e-01  2.291086e-02  2.291086e-02 -8.547336e-02  2.291086e-02  1.191609e-01  1.528484e-01 -2.291086e-02 -2.291086e-02  7.103586e-02 -2.291086e-02 -1.191609e-01 -2.490984e-01 -1.191609e-01  2.291086e-02 -1.672859e-01 -1.191609e-01 
 1.191609e-01  1.191609e-01  2.924109e-01 -2.291086e-02  1.191609e-01  1.528484e-01 -2.291086e-02 -2.291086e-02  7.103586e-02  1.191609e-01 -2.291086e-02  1.528484e-01  2.291086e-02  2.291086e-02 -8.547336e-02 -1.191609e-01  2.291086e-02 -1.672859e-01 -1.191609e-01 -1.191609e-01 -2.490984e-01  2.291086e-02 -1.191609e-01 -1.672859e-01 
-8.547336e-02 -2.291086e-02 -2.291086e-02  2.924109e-01 -1.191609e-01 -1.191609e-01  1.528484e-01  2.291086e-02 -1.191609e-01 -1.672859e-01  1.191609e-01 -2.291086e-02 -1.672859e-01 -2.291086e-02  1.191609e-01  1.528484e-01 -1.191609e-01  2.291086e-02  7.103586e-02  2.291086e-02  2.291086e-02 -2.490984e-01  1.191609e-01  1.191609e-01 
 2.291086e-02  1.528484e-01  1.191609e-01 -1.191609e-01  2.924109e-01  1.191609e-01 -2.291086e-02 -8.547336e-02  2.291086e-02  1.191609e-01 -1.672859e-01  2.291086e-02  2.291086e-02  7.103586e-02 -2.291086e-02 -1.191609e-01  1.528484e-01 -2.291086e-02 -2.291086e-02 -1.672859e-01 -1.191609e-01  1.191609e-01 -2.490984e-01 -1.191609e-01 
 2.291086e-02  1.191609e-01  1.528484e-01 -1.191609e-01  1.191609e-01  2.924109e-01 -1.191609e-01 -2.291086e-02  1.528484e-01  2.291086e-02 -2.291086e-02  7.103586e-02  1.191609e-01  2.291086e-02 -1.672859e-01 -2.291086e-02  2.291086e-02 -8.547336e-02 -2.291086e-02 -1.191609e-01 -1.672859e-01  1.191609e-01 -1.191609e-01 -2.490984e-01 
-1.672859e-01 -1.191609e-01 -2.291086e-02  1.528484e-01 -2.291086e-02 -1.191609e-01  2.924109e-01  1.191609e-01 -1.191609e-01 -8.547336e-02  2.291086e-02 -2.291086e-02 -2.490984e-01 -1.191609e-01  1.191609e-01  7.103586e-02 -2.291086e-02  2.291086e-02  1.528484e-01  1.191609e-01  2.291086e-02 -1.672859e-01  2.291086e-02  1.191609e-01 
-1.191609e-01 -1.672859e-01 -2.291086e-02  2.291086e-02 -8.547336e-02 -2.291086e-02  1.191609e-01  2.924109e-01 -1.191609e-01 -2.291086e-02  1.528484e-01 -1.191609e-01 -1.191609e-01 -2.490984e-01  1.191609e-01  2.291086e-02 -1.672859e-01  1.191609e-01  1.191609e-01  1.528484e-01  2.291086e-02 -2.291086e-02  7.103586e-02  2.291086e-02 
 2.291086e-02  2.291086e-02  7.103586e-02 -1.191609e-01  2.291086e-02  1.528484e-01 -1.191609e-01 -1.191609e-01  2.924109e-01  2.291086e-02 -1.191609e-01  1.528484e-01  1.191609e-01  1.191609e-01 -2.490984e-01 -2.291086e-02  1.191609e-01 -1.672859e-01 -2.291086e-02 -2.291086e-02 -8.547336e-02  1.191609e-01 -2.291086e-02 -1.672859e-01 
 1.528484e-01  2.291086e-02  1.191609e-01 -1.672859e-01  1.191609e-01  2.291086e-02 -8.547336e-02 -2.291086e-02  2.291086e-02  2.924109e-01 -1.191609e-01  1.191609e-01  7.103586e-02  2.291086e-02 -2.291086e-02 -2.490984e-01  1.191609e-01 -1.191609e-01 -1.672859e-01 -2.291086e-02 -1.191609e-01  1.528484e-01 -1.191609e-01 -2.291086e-02 
-2.291086e-02 -8.547336e-02 -2.291086e-02  1.191609e-01 -1.672859e-01 -2.291086e-02  2.291086e-02  1.528484e-01 -1.191609e-01 -1.191609e-01  2.924109e-01 -1.191609e-01 -2.291086e-02 -1.672859e-01  1.191609e-01  1.191609e-01 -2.490984e-01  1.191609e-01  2.291086e-02  7.103586e-02  2.291086e-02 -1.191609e-01  1.528484e-01  2.291086e-02 
 1.191609e-01  2.291086e-02  1.528484e-01 -2.291086e-02  2.291086e-02  7.103586e-02 -2.291086e-02 -1.191609e-01  1.528484e-01  1.191609e-01 -1.191609e-01  2.924109e-01  2.291086e-02  1.191609e-01 -1.672859e-01 -1.191609e-01  1.191609e-01 -2.490984e-01 -1.191609e-01 -2.291086e-02 -1.672859e-01  2.291086e-02 -2.291086e-02 -8.547336e-02 
 1.528484e-01  1.191609e-01  2.291086e-02 -1.672859e-01  2.291086e-02  1.191609e-01 -2.490984e-01 -1.191609e-01  1.191609e-01  7.103586e-02 -2.291086e-02  2.291086e-02  2.924109e-01  1.191609e-01 -1.191609e-01 -8.547336e-02  2.291086e-02 -2.291086e-02 -1.672859e-01 -1.191609e-01 -2.291086e-02  1.528484e-01 -2.291086e-02 -1.191609e-01 
 1.191609e-01  1.528484e-01  2.291086e-02 -2.291086e-02  7.103586e-02  2.291086e-02 -1.191609e-01 -2.490984e-01  1.191609e-01  2.291086e-02 -1.672859e-01  1.191609e-01  1.191609e-01  2.924109e-01 -1.191609e-01 -2.291086e-02  1.528484e-01 -1.191609e-01 -1.191609e-01 -1.672859e-01 -2.291086e-02  2.291086e-02 -8.547336e-02 -2.291086e-02 
-2.291086e-02 -2.291086e-02 -8.547336e-02  1.191609e-01 -2.291086e-02 -1.672859e-01  1.191609e-01  1.191609e-01 -2.490984e-01 -2.291086e-02  1.191609e-01 -1.672859e-01 -1.191609e-01 -1.191609e-01  2.924109e-01  2.291086e-02 -1.191609e-01  1.528484e-01  2.291086e-02  2.291086e-02  7.103586e-02 -1.191609e-01  2.291086e-02  1.528484e-01 
-1.672859e-01 -2.291086e-02 -1.191609e-01  1.528484e-01 -1.191609e-01 -2.291086e-02  7.103586e-02  2.291086e-02 -2.291086e-02 -2.490984e-01  1.191609e-01 -1.191609e-01 -8.547336e-02 -2.291086e-02  2.291086e-02  2.924109e-01 -1.191609e-01  1.191609e-01  1.528484e-01  2.291086e-02  1.191609e-01 -1.672859e-01  1.191609e-01  2.291086e-02 
 2.291086e-02  7.103586e-02  2.291086e-02 -1.191609e-01  1.528484e-01  2.291086e-02 -2.291086e-02 -1.672859e-01  1.191609e-01  1.191609e-01 -2.490984e-01  1.191609e-01  2.291086e-02  1.528484e-01 -1.191609e-01 -1.191609e-01  2.924109e-01 -1.191609e-01 -2.291086e-02 -8.547336e-02 -2.291086e-02  1.191609e-01 -1.672859e-01 -2.291086e-02 
-1.191609e-01 -2.291086e-02 -1.672859e-01  2.291086e-02 -2.291086e-02 -8.547336e-02  2.291086e-02  1.191609e-01 -1.672859e-01 -1.191609e-01  1.191609e-01 -2.490984e-01 -2.291086e-02 -1.191609e-01  1.528484e-01  1.191609e-01 -1.191609e-01  2.924109e-01  1.191609e-01  2.291086e-02  1.528484e-01 -2.291086e-02  2.291086e-02  7.103586e-02 
-2.490984e-01 -1.191609e-01 -1.191609e-01  7.103586e-02 -2.291086e-02 -2.291086e-02  1.528484e-01  1.191609e-01 -2.291086e-02 -1.672859e-01  2.291086e-02 -1.191609e-01 -1.672859e-01 -1.191609e-01  2.291086e-02  1.528484e-01 -2.291086e-02  1.191609e-01  2.924109e-01  1.191609e-01  1.191609e-01 -8.547336e-02  2.291086e-02  2.291086e-02 
-1.191609e-01 -2.490984e-01 -1.191609e-01  2.291086e-02 -1.672859e-01 -1.191609e-01  1.191609e-01  1.528484e-01 -2.291086e-02 -2.291086e-02  7.103586e-02 -2.291086e-02 -1.191609e-01 -1.672859e-01  2.291086e-02  2.291086e-02 -8.547336e-02  2.291086e-02  1.191609e-01  2.924109e-01  1.191609e-01 -2.291086e-02  1.528484e-01  1.191609e-01 
-1.191609e-01 -1.191609e-01 -2.490984e-01  2.291086e-02 -1.191609e-01 -1.672859e-01  2.291086e-02  2.291086e-02 -8.547336e-02 -1.191609e-01  2.291086e-02 -1.672859e-01 -2.291086e-02 -2.291086e-02  7.103586e-02  1.191609e-01 -2.291086e-02  1.528484e-01  1.191609e-01  1.191609e-01  2.924109e-01 -2.291086e-02  1.191609e-01  1.528484e-01 
 7.103586e-02  2.291086e-02  2.291086e-02 -2.490984e-01  1.191609e-01  1.191609e-01 -1.672859e-01 -2.291086e-02  1.191609e-01  1.528484e-01 -1.191609e-01  2.291086e-02  1.528484e-01  2.291086e-02 -1.191609e-01 -1.672859e-01  1.191609e-01 -2.291086e-02 -8.547336e-02 -2.291086e-02 -2.291086e-02  2.924109e-01 -1.191609e-01 -1.191609e-01 
-2.291086e-02 -1.672859e-01 -1.191609e-01  1.191609e-01 -2.490984e-01 -1.191609e-01  2.291086e-02  7.103586e-02 -2.291086e-02 -1.191609e-01  1.528484e-01 -2.291086e-02 -2.291086e-02 -8.547336e-02  2.291086e-02  1.191609e-01 -1.672859e-01  2.291086e-02  2.291086e-02  1.528484e-01  1.191609e-01 -1.191609e-01  2.924109e-01  1.191609e-01 
-2.291086e-02 -1.191609e-01 -1.672859e-01  1.191609e-01 -1.191609e-01 -2.490984e-01  1.191609e-01  2.291086e-02 -1.672859e-01 -2.291086e-02  2.291086e-02 -8.547336e-02 -1.191609e-01 -2.291086e-02  1.528484e-01  2.291086e-02 -2.291086e-02  7.103586e-02  2.291086e-02  1.191609e-01  1.528484e-01 -1.191609e-01  1.191609e-01  2.924109e-01 

 2.924109e-01  1.191609e-01  1.191609e-01 -8.547336e-02  2.291086e-02  2.291086e-02 -1.672859e-01 -1.191609e-01  2.291086e-02  1.528484e-01 -2.291086e-02  1.191609e-01  1.528484e-01  1.191609e-01 -2.291086e-02 -1.672859e-01  2.291086e-02 -1.191609e-01 -2.490984e-01 -1.191609e-01 -1.191609e-01  7.103586e-02 -2.291086e-02 -2.291086e-02 
 1.191609e-01  2.924109e-01  1.191609e-01 -2.291086e-02  1.528484e-01  1.191609e-01 -1.191609e-01 -1.672859e-01  2.291086e-02  2.291086e-02 -8.547336e-02  2.291086e-02  1.191609e-01  1.528484e-01 -2.291086e-02 -2.291086e-02  7.103586e-02 -2.291086e-02 -1.191609e-01 -2.490984e-01 -1.191609e-01  2.291086e-02 -1.672859e-01 -1.191609e-01 
 1.191609e-01  1.191609e-01  2.924109e-01 -2.291086e-02  1.191609e-01  1.528484e-01 -2.291086e-02 -2.291086e-02  7.103586e-02  1.191609e-01 -2.291086e-02  1.528484e-01  2.291086e-02  2.291086e-02 -8.547336e-02 -1.191609e-01  2.291086e-02 -1.672859e-01 -1.191609e-01 -1.191609e-01 -2.490984e-01  2.291086e-02 -1.191609e-01 -1.672859e-01 
-8.547336e-02 -2.291086e-02 -2.291086e-02  2.924109e-01 -1.191609e-01 -1.191609e-01  1.528484e-01  2.291086e-02 -1.191609e-01 -1.672859e-01  1.191609e-01 -2.291086e-02 -1.672859e-01 -2.291086e-02  1.191609e-01  1.528484e-01 -1.191609e-01  2.291086e-02  7.103586e-02  2.291086e-02  2.291086e-02 -2.490984e-01  1.191609e-01  1.191609e-01 
 2.291086e-02  1.528484e-01  1.191609e-01 -1.191609e-01  2.924109e-01  1.191609e-01 -2.291086e-02 -8.547336e-02  2.291086e-02  1.191609e-01 -1.672859e-01  2.291086e-02  2.291086e-02  7.103586e-02 -2.291086e-02 -1.191609e-01  1.528484e-01 -2.291086e-02 -2.291086e-02 -1.672859e-01 -1.191609e-01  1.191609e-01 -2.490984e-01 -1.191609e-01 
 2.291086e-02  1.191609e-01  1.528484e-01 -1.191609e-01  1.191609e-01  2.924109e-01 -1.191609e-01 -2.291086e-02  1.528484e-01  2.291086e-02 -2.291086e-02  7.103586e-02  1.191609e-01  2.291086e-02 -1.672859e-01 -2.291086e-02  2.291086e-02 -8.547336e-02 -2.291086e-02 -1.191609e-01 -1.672859e-01  1.191609e-01 -1.191609e-01 -2.490984e-01 
-1.672859e-01 -1.191609e-01 -2.291086e-02  1.528484e-01 -2.291086e-02 -1.191609e-01  2.924109e-01  1.191609e-01 -1.191609e-01 -8.547336e-02  2.291086e-02 -2.291086e-02 -2.490984e-01 -1.191609e-01  1.191609e-01  7.103586e-02 -2.291086e-02  2.291086e-02  1.528484e-01  1.191609e-01  2.291086e-02 -1.672859e-01  2.291086e-02  1.191609e-01 
-1.191609e-01 -1.672859e-01 -2.291086e-02  2.291086e-02 -8.547336e-02 -2.291086e-02  1.191609e-01  2.924109e-01 -1.191609e-01 -2.291086e-02  1.528484e-01 -1.191609e-01 -1.191609e-01 -2.490984e-01  1.191609e-01  2.291086e-02 -1.672859e-01  1.191609e-01  1.191609e-01  1.528484e-01  2.291086e-02 -2.291086e-02  7.103586e-02  2.291086e-02 
 2.291086e-02  2.291086e-02  7.103586e-02 -1.191609e-01  2.291086e-02  1.528484e-01 -1.191609e-01 -1.191609e-01  2.924109e-01  2.291086e-02 -1.191609e-01  1.528484e-01  1.191609e-01  1.191609e-01 -2.490984e-01 -2.291086e-02  1.191609e-01 -1.672859e-01 -2.291086e-02 -2.291086e-02 -8.547336e-02  1.191609e-01 -2.291086e-02 -1.672859e-01 
 1.528484e-01  2.291086e-02  1.191609e-01 -1.672859e-01  1.191609e-01  2.291086e-02 -8.547336e-02 -2.291086e-02  2.291086e-02  2.924109e-01 -1.191609e-01  1.191609e-01  7.103586e-02  2.291086e-02 -2.291086e-02 -2.490984e-01  1.191609e-01 -1.191609e-01 -1.672859e-01 -2.291086e-02 -1.191609e-01  1.528484e-01 -1.191609e-01 -2.291086e-02 
-2.291086e-02 -8.547336e-02 -2.291086e-02  1.191609e-01 -1.672859e-01 -2.291086e-02  2.291086e-02  1.528484e-01 -1.191609e-01 -1.191609e-01  2.924109e-01 -1.191609e-01 -2.291086e-02 -1.672859e-01  1.191609e-01  1.191609e-01 -2.490984e-01  1.191609e-01  2.291086e-02  7.103586e-02  2.291086e-02 -1.191609e-01  1.528484e-01  2.291086e-02 
 1.191609e-01  2.291086e-02  1.528484e-01 -2.291086e-02  2.291086e-02  7.103586e-02 -2.291086e-02 -1.191609e-01  1.528484e-01  1.191609e-01 -1.191609e-01  2.924109e-01  2.291086e-02  1.191609e-01 -1.672859e-01 -1.191609e-01  1.191609e-01 -2.490984e-01 -1.191609e-01 -2.291086e-02 -1.672859e-01  2.291086e-02 -2.291086e-02 -8.547336e-02 
 1.528484e-01  1.191609e-01  2.291086e-02 -1.672859e-01  2.291086e-02  1.191609e-01 -2.490984e-01 -1.191609e-01  1.191609e-01  7.103586e-02 -2.291086e-02  2.291086e-02  2.924109e-01  1.191609e-01 -1.191609e-01 -8.547336e-02  2.291086e-02 -2.291086e-02 -1.672859e-01 -1.191609e-01 -2.291086e-02  1.528484e-01 -2.291086e-02 -1.191609e-01 
 1.191609e-01  1.528484e-01  2.291086e-02 -2.291086e-02  7.103586e-02  2.291086e-02 -1.191609e-01 -2.490984e-01  1.191609e-01  2.291086e-02 -1.672859e-01  1.191609e-01  1.191609e-01  2.924109e-01 -1.191609e-01 -2.291086e-02  1.528484e-01 -1.191609e-01 -1.191609e-01 -1.672859e-01 -2.291086e-02  2.291086e-02 -8.547336e-02 -2.291086e-02 
-2.291086e-02 -2.291086e-02 -8.547336e-02  1.191609e-01 -2.291086e-02 -1.672859e-01  1.191609e-01  1.191609e-01 -2.490984e-01 -2.291086e-02  1.191609e-01 -1.672859e-01 -1.191609e-01 -1.191609e-01  2.924109e-01  2.291086e-02 -1.191609e-01  1.528484e-01  2.291086e-02  2.291086e-02  7.103586e-02 -1.191609e-01  2.291086e-02  1.528484e-01 
-1.672859e-01 -2.291086e-02 -1.191609e-01  1.528484e-01 -1.191609e-01 -2.291086e-02  7.103586e-02  2.291086e-02 -2.291086e-02 -2.490984e-01  1.191609e-01 -1.191609e-01 -8.547336e-02 -2.291086e-02  2.291086e-02  2.924109e-01 -1.191609e-01  1.191609e-01  1.528484e-01  2.291086e-02  1.191609e-01 -1.672859e-01  1.191609e-01  2.291086e-02 
 2.291086e-02  7.103586e-02  2.291086e-02 -1.191609e-01  1.528484e-01  2.291086e-02 -2.291086e-02 -1.672859e-01  1.191609e-01  1.191609e-01 -2.490984e-01  1.191609e-01  2.291086e-02  1.528484e-01 -1.191609e-01 -1.191609e-01  2.924109e-01 -1.191609e-01 -2.291086e-02 -8.547336e-02 -2.291086e-02  1.191609e-01 -1.672859e-01 -2.291086e-02 
-1.191609e-01 -2.291086e-02 -1.672859e-01  2.291086e-02 -2.291086e-02 -8.547336e-02  2.291086e-02  1.191609e-01 -1.672859e-01 -1.191609e-01  1.191609e-01 -2.490984e-01 -2.291086e-02 -1.191609e-01  1.528484e-01  1.191609e-01 -1.191609e-01  2.924109e-01  1.191609e-01  2.291086e-02  1.528484e-01 -2.291086e-02  2.291086e-02  7.103586e-02 
-2.490984e-01 -1.191609e-01 -1.191609e-01  7.103586e-02 -2.291086e-02 -2.291086e-02  1.528484e-01  1.191609e-01 -2.291086e-02 -1.672859e-01  2.291086e-02 -1.191609e-01 -1.672859e-01 -1.191609e-01  2.291086e-02  1.528484e-01 -2.291086e-02  1.191609e-01  2.924109e-01  1.191609e-01  1.191609e-01 -8.547336e-02  2.291086e-02  2.291086e-02 
-1.191609e-01 -2.490984e-01 -1.191609e-01  2.291086e-02 -1.672859e-01 -1.191609e-01  1.191609e-01  1.528484e-01 -2.291086e-02 -2.291086e-02  7.103586e-02 -2.291086e-02 -1.191609e-01 -1.672859e-01  2.291086e-02  2.291086e-02 -8.547336e-02  2.291086e-02  1.191609e-01  2.924109e-01  1.191609e-01 -2.291086e-02  1.528484e-01  1.191609e-01 
-1.191609e-01 -1.191609e-01 -2.490984e-01  2.291086e-02 -1.191609e-01 -1.672859e-01  2.291086e-02  2.291086e-02 -8.547336e-02 -1.191609e-01  2.291086e-02 -1.672859e-01 -2.291086e-02 -2.291086e-02  7.103586e-02  1.191609e-01 -2.291086e-02  1.528484e-01  1.191609e-01  1.191609e-01  2.924109e-01 -2.291086e-02  1.191609e-01  1.528484e-01 
 7.103586e-02  2.291086e-02  2.291086e-02 -2.490984e-01  1.191609e-01  1.191609e-01 -1.672859e-01 -2.291086e-02  1.191609e-01  1.528484e-01 -1.191609e-01  2.291086e-02  1.528484e-01  2.291086e-02 -1.191609e-01 -1.672859e-01  1.191609e-01 -2.291086e-02 -8.547336e-02 -2.291086e-02 -2.291086e-02  2.924109e-01 -1.191609e-01 -1.191609e-01 
-2.291086e-02 -1.672859e-01 -1.191609e-01  1.191609e-01 -2.490984e-01 -1.191609e-01  2.291086e-02  7.103586e-02 -2.291086e-02 -1.191609e-01  1.528484e-01 -2.291086e-02 -2.291086e-02 -8.547336e-02  2.291086e-02  1.191609e-01 -1.672859e-01  2.291086e-02  2.291086e-02  1.528484e-01  1.191609e-01 -1.191609e-01  2.924109e-01  1.191609e-01 
-2.291086e-02 -1.191609e-01 -1.672859e-01  1.191609e-01 -1.191609e-01 -2.490984e-01  1.191609e-01  2.291086e-02 -1.672859e-01 -2.291086e-02  2.291086e-02 -8.547336e-02 -1.191609e-01 -2.291086e-02  1.528484e-01  2.291086e-02 -2.291086e-02  7.103586e-02  2.291086e-02  1.191609e-01  1.528484e-01 -1.191609e-01  1.191609e-01  2.924109e-01 

 2.924109e-01  1.191609e-01  1.191609e-01 -8.547336e-02  2.291086e-02  2.291086e-02 -1.672859e-01 -1.191609e-01  2.291086e-02  1.528484e-01 -2.291086e-02  1.191609e-01  1.528484e-01  1.191609e-01 -2.291086e-02 -1.672859e-01  2.291086e-02 -1.191609e-01 -2.490984e-01 -1.191609e-01 -1.191609e-01  7.103586e-02 -2.291086e-02 -2.291086e-02 
 1.191609e-01  2.924109e-01  1.191609e-01 -2.291086e-02  1.528484e-01  1.191609e-01 -1.191609e-01 -1.672859e-01  2.291086e-02  2.291086e-02 -8.547336e-02  2.291086e-02  1.191609e-01  1.528484e-01 -2.291086e-02 -2.291086e-02  7.103586e-02 -2.291086e-02 -1.191609e-01 -2.490984e-01 -1.191609e-01  2.291086e-02 -1.672859e-01 -1.191609e-01 
 1.191609e-01  1.191609e-01  2.924109e-01 -2.291086e-02  1.191609e-01  1.528484e-01 -2.291086e-02 -2.291086e-02  7.103586e-02  1.191609e-01 -2.291086e-02  1.528484e-01  2.291086e-02  2.291086e-02 -8.547336e-02 -1.191609e-01  2.291086e-02 -1.672859e-01 -1.191609e-01 -1.191609e-01 -2.490984e-01  2.291086e-02 -1.191609e-01 -1.672859e-01 
-8.547336e-02 -2.291086e-02 -2.291086e-02  2.924109e-01 -1.191609e-01 -1.191609e-01  1.528484e-01  2.291086e-02 -1.191609e-01 -1.672859e-01  1.191609e-01 -2.291086e-02 -1.672859e-01 -2.291086e-02  1.191609e-01  1.528484e-01 -1.191609e-01  2.291086e-02  7.103586e-02  2.291086e-02  2.291086e-02 -2.490984e-01  1.191609e-01  1.191609e-01 
 2.291086e-02  1.528484e-01  1.191609e-01 -1.191609e-01  2.924109e-01  1.191609e-01 -2.291086e-02 -8.547336e-02  2.291086e-02  1.191609e-01 -1.672859e-01  2.291086e-02  2.291086e-02  7.103586e-02 -2.291086e-02 -1.191609e-01  1.528484e-01 -2.291086e-02 -2.291086e-02 -1.672859e-01 -1.191609e-01  1.191609e-01 -2.490984e-01 -1.191609e-01 
 2.291086e-02  1.191609e-01  1.528484e-01 -1.191609e-01  1.191609e-01  2.924109e-01 -1.191609e-01 -2.291086e-02  1.528484e-01  2.291086e-02 -2.291086e-02  7.103586e-02  1.191609e-01  2.291086e-02 -1.672859e-01 -2.291086e-02  2.291086e-02 -8.547336e-02 -2.291086e-02 -1.191609e-01 -1.672859e-01  1.191609e-01 -1.191609e-01 -2.490984e-01 
-1.672859e-01 -1.191609e-01 -2.291086e-02  1.528484e-01 -2.291086e-02 -1.191609e-01  2.924109e-01  1.191609e-01 -1.191609e-01 -8.547336e-02  2.291086e-02 -2.291086e-02 -2.490984e-01 -1.191609e-01  1.191609e-01  7.103586e-02 -2.291086e-02  2.291086e-02  1.528484e-01  1.191609e-01  2.291086e-02 -1.672859e-01  2.291086e-02  1.191609e-01 
-1.191609e-01 -1.672859e-01 -2.291086e-02  2.291086e-02 -8.547336e-02 -2.291086e-02  1.191609e-01  2.924109e-01 -1.191609e-01 -2.291086e-02  1.528484e-01 -1.191609e-01 -1.191609e-01 -2.490984e-01  1.191609e-01  2.291086e-02 -1.672859e-01  1.191609e-01  1.191609e-01  1.528484e-01  2.291086e-02 -2.291086e-02  7.103586e-02  2.291086e-02 
 2.291086e-02  2.291086e-02  7.103586e-02 -1.191609e-01  2.291086e-02  1.528484e-01 -1.191609e-01 -1.191609e-01  2.924109e-01  2.291086e-02 -1.191609e-01  1.528484e-01  1.191609e-01  1.191609e-01 -2.490984e-01 -2.291086e-02  1.191609e-01 -1.672859e-01 -2.291086e-02 -2.291086e-02 -8.547336e-02  1.191609e-01 -2.291086e-02 -1.672859e-01 
 1.528484e-01  2.291086e-02  1.191609e-01 -1.672859e-01  1.191609e-01  2.291086e-02 -8.547336e-02 -2.291086e-02  2.291086e-02  2.924109e-01 -1.191609e-01  1.191609e-01  7.103586e-02  2.291086e-02 -2.291086e-02 -2.490984e-01  1.191609e-01 -1.191609e-01 -1.672859e-01 -2.291086e-02 -1.191609e-01  1.528484e-01 -1.191609e-01 -2.291086e-02 
-2.291086e-02 -8.547336e-02 -2.291086e-02  1.191609e-01 -1.672859e-01 -2.291086e-02  2.291086e-02  1.528484e-01 -1.191609e-01 -1.191609e-01  2.924109e-01 -1.191609e-01 -2.291086e-02 -1.672859e-01  1.191609e-01  1.191609e-01 -2.490984e-01  1.191609e-01  2.291086e-02  7.103586e-02  2.291086e-02 -1.191609e-01  1.528484e-01  2.291086e-02 
 1.191609e-01  2.291086e-02  1.528484e-01 -2.291086e-02  2.291086e-02  7.103586e-02 -2.291086e-02 -1.191609e-01  1.528484e-01  1.191609e-01 -1.191609e-01  2.924109e-01  2.291086e-02  1.191609e-01 -1.672859e-01 -1.191609e-01  1.191609e-01 -2.490984e-01 -1.191609e-01 -2.291086e-02 -1.672859e-01  2.291086e-02 -2.291086e-02 -8.547336e-02 
 1.528484e-01  1.191609e-01  2.291086e-02 -1.672859e-01  2.291086e-02  1.191609e-01 -2.490984e-01 -1.191609e-01  1.191609e-01  7.103586e-02 -2.291086e-02  2.291086e-02  2.924109e-01  1.191609e-01 -1.191609e-01 -8.547336e-02  2.291086e-02 -2.291086e-02 -1.672859e-01 -1.191609e-01 -2.291086e-02  1.528484e-01 -2.291086e-02 -1.191609e-01 
 1.191609e-01  1.528484e-01  2.291086e-02 -2.291086e-02  7.103586e-02  2.291086e-02 -1.191609e-01 -2.490984e-01  1.191609e-01  2.291086e-02 -1.672859e-01  1.191609e-01  1.191609e-01  2.924109e-01 -1.191609e-01 -2.291086e-02  1.528484e-01 -1.191609e-01 -1.191609e-01 -1.672859e-01 -2.291086e-02  2.291086e-02 -8.547336e-02 -2.291086e-02 
-2.291086e-02 -2.291086e-02 -8.547336e-02  1.191609e-01 -2.291086e-02 -1.672859e-01  1.191609e-01  1.191609e-01 -2.490984e-01 -2.291086e-02  1.191609e-01 -1.672859e-01 -1.191609e-01 -1.191609e-01  2.924109e-01  2.291086e-02 -1.191609e-01  1.528484e-01  2.291086e-02  2.291086e-02  7.103586e-02 -1.191609e-01  2.291086e-02  1.528484e-01 
-1.672859e-01 -2.291086e-02 -1.191609e-01  1.528484e-01 -1.191609e-01 -2.291086e-02  7.103586e-02  2.291086e-02 -2.291086e-02 -2.490984e-01  1.191609e-01 -1.191609e-01 -8.547336e-02 -2.291086e-02  2.291086e-02  2.924109e-01 -1.191609e-01  1.191609e-01  1.528484e-01  2.291086e-02  1.191609e-01 -1.672859e-01  1.191609e-01  2.291086e-02 
 2.291086e-02  7.103586e-02  2.291086e-02 -1.191609e-01  1.528484e-01  2.291086e-02 -2.291086e-02 -1.672859e-01  1.191609e-01  1.191609e-01 -2.490984e-01  1.191609e-01  2.291086e-02  1.528484e-01 -1.191609e-01 -1.191609e-01  2.924109e-01 -1.191609e-01 -2.291086e-02 -8.547336e-02 -2.291086e-02  1.191609e-01 -1.672859e-01 -2.291086e-02 
-1.191609e-01 -2.291086e-02 -1.672859e-01  2.291086e-02 -2.291086e-02 -8.547336e-02  2.291086e-02  1.191609e-01 -1.672859e-01 -1.191609e-01  1.191609e-01 -2.490984e-01 -2.291086e-02 -1.191609e-01  1.528484e-01  1.191609e-01 -1.191609e-01  2.924109e-01  1.191609e-01  2.291086e-02  1.528484e-01 -2.291086e-02  2.291086e-02  7.103586e-02 
-2.490984e-01 -1.191609e-01 -1.191609e-01  7.103586e-02 -2.291086e-02 -2.291086e-02  1.528484e-01  1.191609e-01 -2.291086e-02 -1.672859e-01  2.291086e-02 -1.191609e-01 -1.672859e-01 -1.191609e-01  2.291086e-02  1.528484e-01 -2.291086e-02  1.191609e-01  2.924109e-01  1.191609e-01  1.191609e-01 -8.547336e-02  2.291086e-02  2.291086e-02 
-1.191609e-01 -2.490984e-01 -1.191609e-01  2.291086e-02 -1.672859e-01 -1.191609e-01  1.191609e-01  1.528484e-01 -2.291086e-02 -2.291086e-02  7.103586e-02 -2.291086e-02 -1.191609e-01 -1.672859e-01  2.291086e-02  2.291086e-02 -8.547336e-02  2.291086e-02  1.191609e-01  2.924109e-01  1.191609e-01 -2.291086e-02  1.528484e-01  1.191609e-01 
-1.191609e-01 -1.191609e-01 -2.490984e-01  2.291086e-02 -1.191609e-01 -1.672859e-01  2.291086e-02  2.291086e-02 -8.547336e-02 -1.191609e-01  2.291086e-02 -1.672859e-01 -2.291086e-02 -2.291086e-02  7.103586e-02  1.191609e-01 -2.291086e-02  1.528484e-01  1.191609e-01  1.191609e-01  2.924109e-01 -2.291086e-02  1.191609e-01  1.528484e-01 
 7.103586e-02  2.291086e-02  2.291086e-02 -2.490984e-01  1.191609e-01  1.191609e-01 -1.672859e-01 -2.291086e-02  1.191609e-01  1.528484e-01 -1.191609e-01  2.291086e-02  1.528484e-01  2.291086e-02 -1.191609e-01 -1.672859e-01  1.191609e-01 -2.291086e-02 -8.547336e-02 -2.291086e-02 -2.291086e-02  2.924109e-01 -1.191609e-01 -1.191609e-01 
-2.291086e-02 -1.672859e-01 -1.191609e-01  1.191609e-01 -2.490984e-01 -1.191609e-01  2.291086e-02  7.103586e-02 -2.291086e-02 -1.191609e-01  1.528484e-01 -2.291086e-02 -2.291086e-02 -8.547336e-02  2.291086e-02  1.191609e-01 -1.672859e-01  2.291086e-02  2.291086e-02  1.528484e-01  1.191609e-01 -1.191609e-01  2.924109e-01  1.191609e-01 
-2.291086e-02 -1.191609e-01 -1.672859e-01  1.191609e-01 -1.191609e-01 -2.490984e-01  1.191609e-01  2.291086e-02 -1.672859e-01 -2.291086e-02  2.291086e-02 -8.547336e-02 -1.191609e-01 -2.291086e-02  1.528484e-01  2.291086e-02 -2.291086e-02  7.103586e-02  2.291086e-02  1.191609e-01  1.528484e-01 -1.191609e-01  1.191609e-01  2.924109e-01 

 2.924109e-01  1.191609e-01  1.191609e-01 -8.547336e-02  2.291086e-02  2.291086e-02 -1.672859e-01 -1.191609e-01  2.291086e-02  1.528484e-01 -2.291086e-02  1.191609e-01  1.528484e-01  1.191609e-01 -2.291086e-02 -1.672859e-01  2.291086e-02 -1.191609e-01 -2.490984e-01 -1.191609e-01 -1.191609e-01  7.103586e-02 -2.291086e-02 -2.291086e-02 
 1.191609e-01  2.924109e-01  1.191609e-01 -2.291086e-02  1.528484e-01  1.191609e-01 -1.191609e-01 -1.672859e-01  2.291086e-02  2.291086e-02 -8.547336e-02  2.291086e-02  1.191609e-01  1.528484e-01 -2.291086e-02 -2.291086e-02  7.103586e-02 -2.291086e-02 -1.191609e-01 -2.490984e-01 -1.191609e-01  2.291086e-02 -1.672859e-01 -1.191609e-01 
 1.191609e-01  1.191609e-01  2.924109e-01 -2.291086e-02  1.191609e-01  1.528484e-01 -2.291086e-02 -2.291086e-02  7.103586e-02  1.191609e-01 -2.291086e-02  1.528484e-01  2.291086e-02  2.291086e-02 -8.547336e-02 -1.191609e-01  2.291086e-02 -1.672859e-01 -1.191609e-01 -1.191609e-01 -2.490984e-01  2.291086e-02 -1.191609e-01 -1.672859e-01 
-8.547336e-02 -2.291086e-02 -2.291086e-02  2.924109e-01 -1.191609e-01 -1.191609e-01  1.528484e-01  2.291086e-02 -1.191609e-01 -1.672859e-01  1.191609e-01 -2.291086e-02 -1.672859e-01 -2.291086e-02  1.191609e-01  1.528484e-01 -1.191609e-01  2.291086e-02  7.103586e-02  2.291086e-02  2.291086e-02 -2.490984e-01  1.191609e-01  1.191609e-01 
 2.291086e-02  1.528484e-01  1.191609e-01 -1.191609e-01  2.924109e-01  1.191609e-01 -2.291086e-02 -8.547336e-02  2.291086e-02  1.191609e-01 -1.672859e-01  2.291086e-02  2.291086e-02  7.103586e-02 -2.291086e-02 -1.191609e-01  1.528484e-01 -2.291086e-02 -2.291086e-02 -1.672859e-01 -1.191609e-01  1.191609e-01 -2.490984e-01 -1.191609e-01 
 2.291086e-02  1.191609e-01  1.528484e-01 -1.191609e-01  1.191609e-01  2.924109e-01 -1.191609e-01 -2.291086e-02  1.528484e-01  2.291086e-02 -2.291086e-02  7.103586e-02  1.191609e-01  2.291086e-02 -1.672859e-01 -2.291086e-02  2.291086e-02 -8.547336e-02 -2.291086e-02 -1.191609e-01 -1.672859e-01  1.191609e-01 -1.191609e-01 -2.490984e-01 
-1.672859e-01 -1.191609e-01 -2.291086e-02  1.528484e-01 -2.291086e-02 -1.191609e-01  2.924109e-01  1.191609e-01 -1.191609e-01 -8.547336e-02  2.291086e-02 -2.291086e-02 -2.490984e-01 -1.191609e-01  1.191609e-01  7.103586e-02 -2.291086e-02  2.291086e-02  1.528484e-01  1.191609e-01  2.291086e-02 -1.672859e-01  2.291086e-02  1.191609e-01 
-1.191609e-01 -1.672859e-01 -2.291086e-02  2.291086e-02 -8.547336e-02 -2.291086e-02  1.191609e-01  2.924109e-01 -1.191609e-01 -2.291086e-02  1.528484e-01 -1.191609e-01 -1.191609e-01 -2.490984e-01  1.191609e-01  2.291086e-02 -1.672859e-01  1.191609e-01  1.191609e-01  1.528484e-01  2.291086e-02 -2.291086e-02  7.103586e-02  2.291086e-02 
 2.291086e-02  2.291086e-02  7.103586e-02 -1.191609e-01  2.291086e-02  1.528484e-01 -1.191609e-01 -1.191609e-01  2.924109e-01  2.291086e-02 -1.191609e-01  1.528484e-01  1.191609e-01  1.191609e-01 -2.490984e-01 -2.291086e-02  1.191609e-01 -1.672859e-01 -2.291086e-02 -2.291086e-02 -8.547336e-02  1.191609e-01 -2.291086e-02 -1.672859e-01 
 1.528484e-01  2.291086e-02  1.191609e-01 -1.672859e-01  1.191609e-01  2.291086e-02 -8.547336e-02 -2.291086e-02  2.291086e-02  2.924109e-01 -1.191609e-01  1.191609e-01  7.103586e-02  2.291086e-02 -2.291086e-02 -2.490984e-01  1.191609e-01 -1.191609e-01 -1.672859e-01 -2.291086e-02 -1.191609e-01  1.528484e-01 -1.191609e-01 -2.291086e-02 
-2.291086e-02 -8.547336e-02 -2.291086e-02  1.191609e-01 -1.672859e-01 -2.291086e-02  2.291086e-02  1.528484e-01 -1.191609e-01 -1.191609e-01  2.924109e-01 -1.191609e-01 -2.291086e-02 -1.672859e-01  1.191609e-01  1.191609e-01 -2.490984e-01  1.191609e-01  2.291086e-02  7.103586e-02  2.291086e-02 -1.191609e-01  1.528484e-01  2.291086e-02 
 1.191609e-01  2.291086e-02  1.528484e-01 -2.291086e-02  2.291086e-02  7.103586e-02 -2.291086e-02 -1.191609e-01  1.528484e-01  1.191609e-01 -1.191609e-01  2.924109e-01  2.291086e-02  1.191609e-01 -1.672859e-01 -1.191609e-01  1.191609e-01 -2.490984e-01 -1.191609e-01 -2.291086e-02 -1.672859e-01  2.291086e-02 -2.291086e-02 -8.547336e-02 
 1.528484e-01  1.191609e-01  2.291086e-02 -1.672859e-01  2.291086e-02  1.191609e-01 -2.490984e-01 -1.191609e-01  1.191609e-01  7.103586e-02 -2.291086e-02  2.291086e-02  2.924109e-01  1.191609e-01 -1.191609e-01 -8.547336e-02  2.291086e-02 -2.291086e-02 -1.672859e-01 -1.191609e-01 -2.291086e-02  1.528484e-01 -2.291086e-02 -1.191609e-01 
 1.191609e-01  1.528484e-01  2.291086e-02 -2.291086e-02  7.103586e-02  2.291086e-02 -1.191609e-01 -2.490984e-01  1.191609e-01  2.291086e-02 -1.672859e-01  1.191609e-01  1.191609e-01  2.924109e-01 -1.191609e-01 -2.291086e-02  1.528484e-01 -1.191609e-01 -1.191609e-01 -1.672859e-01 -2.291086e-02  2.291086e-02 -8.547336e-02 -2.291086e-02 
-2.291086e-02 -2.291086e-02 -8.547336e-02  1.191609e-01 -2.291086e-02 -1.672859e-01  1.191609e-01  1.191609e-01 -2.490984e-01 -2.291086e-02  1.191609e-01 -1.672859e-01 -1.191609e-01 -1.191609e-01  2.924109e-01  2.291086e-02 -1.191609e-01  1.528484e-01  2.291086e-02  2.291086e-02  7.103586e-02 -1.191609e-01  2.291086e-02  1.528484e-01 
-1.672859e-01 -2.291086e-02 -1.191609e-01  1.528484e-01 -1.191609e-01 -2.291086e-02  7.103586e-02  2.291086e-02 -2.291086e-02 -2.490984e-01  1.191609e-01 -1.191609e-01 -8.547336e-02 -2.291086e-02  2.291086e-02  2.924109e-01 -1.191609e-01  1.191609e-01  1.528484e-01  2.291086e-02  1.191609e-01 -1.672859e-01  1.191609e-01  2.291086e-02 
 2.291086e-02  7.103586e-02  2.291086e-02 -1.191609e-01  1.528484e-01  2.291086e-02 -2.291086e-02 -1.672859e-01  1.191609e-01  1.191609e-01 -2.490984e-01  1.191609e-01  2.291086e-02  1.528484e-01 -1.191609e-01 -1.191609e-01  2.924109e-01 -1.191609e-01 -2.291086e-02 -8.547336e-02 -2.291086e-02  1.191609e-01 -1.672859e-01 -2.291086e-02 
-1.191609e-01 -2.291086e-02 -1.672859e-01  2.291086e-02 -2.291086e-02 -8.547336e-02  2.291086e-02  1.191609e-01 -1.672859e-01 -1.191609e-01  1.191609e-01 -2.490984e-01 -2.291086e-02 -1.191609e-01  1.528484e-01  1.191609e-01 -1.191609e-01  2.924109e-01  1.191609e-01  2.291086e-02  1.528484e-01 -2.291086e-02  2.291086e-02  7.103586e-02 
-2.490984e-01 -1.191609e-01 -1.191609e-01  7.103586e-02 -2.291086e-02 -2.291086e-02  1.528484e-01  1.191609e-01 -2.291086e-02 -1.672859e-01  2.291086e-02 -1.191609e-01 -1.672859e-01 -1.191609e-01  2.291086e-02  1.528484e-01 -2.291086e-02  1.191609e-01  2.924109e-01  1.191609e-01  1.191609e-01 -8.547336e-02  2.291086e-02  2.291086e-02 
-1.191609e-01 -2.490984e-01 -1.191609e-01  2.291086e-02 -1.672859e-01 -1.191609e-01  1.191609e-01  1.528484e-01 -2.291086e-02 -2.291086e-02  7.103586e-02 -2.291086e-02 -1.191609e-01 -1.672859e-01  2.291086e-02  2.291086e-02 -8.547336e-02  2.291086e-02  1.191609e-01  2.924109e-01  1.191609e-01 -2.291086e-02  1.528484e-01  1.191609e-01 
-1.191609e-01 -1.191609e-01 -2.490984e-01  2.291086e-02 -1.191609e-01 -1.672859e-01  2.291086e-02  2.291086e-02 -8.547336e-02 -1.191609e-01  2.291086e-02 -1.672859e-01 -2.291086e-02 -2.291086e-02  7.103586e-02  1.191609e-01 -2.291086e-02  1.528484e-01  1.191609e-01  1.191609e-01  2.924109e-01 -2.291086e-02  1.191609e-01  1.528484e-01 
 7.103586e-02  2.291086e-02  2.291086e-02 -2.490984e-01  1.191609e-01  1.191609e-01 -1.672859e-01 -2.291086e-02  1.191609e-01  1.528484e-01 -1.191609e-01  2.291086e-02  1.528484e-01  2.291086e-02 -1.191609e-01 -1.672859e-01  1.191609e-01 -2.291086e-02 -8.547336e-02 -2.291086e-02 -2.291086e-02  2.924109e-01 -1.191609e-01 -1.191609e-01 
